0 0 12.993949
100 0 12.993820
200 0 12.993430
300 0 12.992782
400 0 12.991873
500 0 12.990705
600 0 12.989277
700 0 12.987589
800 0 12.985640
900 0 12.983431
1000 0 12.980961
1100 0 12.978230
1200 0 12.975236
1300 0 12.971981
1400 0 12.968463
1500 0 12.964682
1600 0 12.960637
1700 0 12.956328
1800 0 12.951754
1900 0 12.946914
2000 0 12.941808
2100 0 12.936436
2200 0 12.930795
2300 0 12.924886
2400 0 12.918708
2500 0 12.912259
2600 0 12.905539
2700 0 12.898547
2800 0 12.891282
2900 0 12.883743
3000 0 12.875929
3100 0 12.867838
3200 0 12.859470
3300 0 12.850823
3400 0 12.841897
3500 0 12.832690
3600 0 12.823200
3700 0 12.813427
3800 0 12.803369
3900 0 12.793025
4000 0 12.782393
4100 0 12.771472
4200 0 12.760260
4300 0 12.748756
4400 0 12.736959
4500 0 12.724867
4600 0 12.712477
4700 0 12.699790
4800 0 12.686802
4900 0 12.673512
5000 0 12.659919
5100 0 12.646021
5200 0 12.631816
5300 0 12.617302
5400 0 12.602477
5500 0 12.587340
5600 0 12.571889
5700 0 12.556121
5800 0 12.540035
5900 0 12.523629
6000 0 12.506900
6100 0 12.489847
6200 0 12.472469
6300 0 12.454761
6400 0 12.436724
6500 0 12.418354
6600 0 12.399649
6700 0 12.380607
6800 0 12.361227
6900 0 12.341506
7000 0 12.321441
7100 0 12.301031
7200 0 12.280273
7300 0 12.259166
7400 0 12.237706
7500 0 12.215892
7600 0 12.193721
7700 0 12.171191
7800 0 12.148300
7900 0 12.125046
8000 0 12.101426
8100 0 12.077438
8200 0 12.053080
8300 0 12.028349
8400 0 12.003243
8500 0 11.977760
8600 0 11.951898
8700 0 11.925654
8800 0 11.899026
8900 0 11.872012
9000 0 11.844609
9100 0 11.816816
9200 0 11.788630
9300 0 11.760050
9400 0 11.731072
9500 0 11.701695
9600 0 11.671916
9700 0 11.641735
9800 0 11.611147
9900 0 11.580153
10000 0 11.548749
10100 0 11.516933
10200 0 11.484704
10300 0 11.452061
10400 0 11.419000
10500 0 11.385521
10600 0 11.351621
10700 0 11.317299
10800 0 11.282554
10900 0 11.247384
11000 0 11.211787
11100 0 11.175762
11200 0 11.139308
11300 0 11.102423
11400 0 11.065107
11500 0 11.027358
11600 0 10.989176
11700 0 10.950558
11800 0 10.911505
11900 0 10.872017
12000 0 10.832091
12100 0 10.791728
12200 0 10.750927
12300 0 10.709688
12400 0 10.668011
12500 0 10.625896
12600 0 10.583343
12700 0 10.540351
12800 0 10.496923
12900 0 10.453057
13000 0 10.408754
13100 0 10.364016
13200 0 10.318842
13300 0 10.273235
13400 0 10.227196
13500 0 10.180725
13600 0 10.133824
13700 0 10.086496
13800 0 10.038741
13900 0 9.990563
14000 0 9.941963
14100 0 9.892943
14200 0 9.843507
14300 0 9.793658
14400 0 9.743397
14500 0 9.692730
14600 0 9.641658
14700 0 9.590186
14800 0 9.538317
14900 0 9.486056
15000 0 9.433407
15100 0 9.380375
15200 0 9.326964
15300 0 9.273179
15400 0 9.219026
15500 0 9.164510
15600 0 9.109637
15700 0 9.054412
15800 0 8.998843
15900 0 8.942935
16000 0 8.886694
16100 0 8.830129
16200 0 8.773246
16300 0 8.716052
16400 0 8.658556
16500 0 8.600765
16600 0 8.542686
16700 0 8.484330
16800 0 8.425703
16900 0 8.366815
17000 0 8.307676
17100 0 8.248293
17200 0 8.188678
17300 0 8.128839
17400 0 8.068786
17500 0 8.008530
17600 0 7.948081
17700 0 7.887449
17800 0 7.826646
17900 0 7.765681
18000 0 7.704567
18100 0 7.643313
18200 0 7.581933
18300 0 7.520437
18400 0 7.458837
18500 0 7.397144
18600 0 7.335372
18700 0 7.273530
18800 0 7.211633
18900 0 7.149692
19000 0 7.087719
19100 0 7.025726
19200 0 6.963726
19300 0 6.901732
19400 0 6.839756
19500 0 6.777810
19600 0 6.715907
19700 0 6.654058
19800 0 6.592278
19900 0 6.530577
20000 0 6.468969
20100 0 6.407466
20200 0 6.346079
20300 0 6.284821
20400 0 6.223704
20500 0 6.162740
20600 0 6.101940
20700 0 6.041317
20800 0 5.980881
20900 0 5.920644
21000 0 5.860618
21100 0 5.800812
21200 0 5.741239
21300 0 5.681908
21400 0 5.622830
21500 0 5.564015
21600 0 5.505473
21700 0 5.447214
21800 0 5.389247
21900 0 5.331582
22000 0 5.274228
22100 0 5.217192
22200 0 5.160485
22300 0 5.104113
22400 0 5.048085
22500 0 4.992409
22600 0 4.937091
22700 0 4.882140
22800 0 4.827561
22900 0 4.773362
23000 0 4.719549
23100 0 4.666127
23200 0 4.613102
23300 0 4.560480
23400 0 4.508267
23500 0 4.456465
23600 0 4.405081
23700 0 4.354119
23800 0 4.303582
23900 0 4.253474
24000 0 4.203800
24100 0 4.154561
24200 0 4.105761
24300 0 4.057402
24400 0 4.009488
24500 0 3.962019
24600 0 3.914999
24700 0 3.868429
24800 0 3.822309
24900 0 3.776643
25000 0 3.731429
25100 0 3.686670
25200 0 3.642365
25300 0 3.598516
25400 0 3.555122
25500 0 3.512182
25600 0 3.469698
25700 0 3.427668
25800 0 3.386093
25900 0 3.344970
26000 0 3.304299
26100 0 3.264079
26200 0 3.224309
26300 0 3.184987
26400 0 3.146112
26500 0 3.107682
26600 0 3.069695
26700 0 3.032149
26800 0 2.995042
26900 0 2.958371
27000 0 2.922135
27100 0 2.886332
27200 0 2.850957
27300 0 2.816010
27400 0 2.781486
27500 0 2.747384
27600 0 2.713700
27700 0 2.680431
27800 0 2.647574
27900 0 2.615127
28000 0 2.583085
28100 0 2.551446
28200 0 2.520207
28300 0 2.489363
28400 0 2.458912
28500 0 2.428849
28600 0 2.399173
28700 0 2.369878
28800 0 2.340962
28900 0 2.312420
29000 0 2.284249
29100 0 2.256446
29200 0 2.229007
29300 0 2.201927
29400 0 2.175204
29500 0 2.148833
29600 0 2.122811
29700 0 2.097134
29800 0 2.071798
29900 0 2.046799
30000 0 2.022134
30100 0 1.997799
30200 0 1.973790
30300 0 1.950102
30400 0 1.926734
30500 0 1.903680
30600 0 1.880937
30700 0 1.858501
30800 0 1.836368
30900 0 1.814535
31000 0 1.792998
31100 0 1.771753
31200 0 1.750796
31300 0 1.730125
31400 0 1.709735
31500 0 1.689622
31600 0 1.669784
31700 0 1.650215
31800 0 1.630914
31900 0 1.611876
32000 0 1.593098
32100 0 1.574576
32200 0 1.556308
32300 0 1.538288
32400 0 1.520515
32500 0 1.502985
32600 0 1.485694
32700 0 1.468639
32800 0 1.451817
32900 0 1.435225
33000 0 1.418859
33100 0 1.402716
33200 0 1.386793
33300 0 1.371088
33400 0 1.355596
33500 0 1.340315
33600 0 1.325242
33700 0 1.310374
33800 0 1.295707
33900 0 1.281240
34000 0 1.266969
34100 0 1.252891
34200 0 1.239004
34300 0 1.225304
34400 0 1.211789
34500 0 1.198457
34600 0 1.185304
34700 0 1.172328
34800 0 1.159526
34900 0 1.146897
35000 0 1.134436
35100 0 1.122142
35200 0 1.110012
35300 0 1.098045
35400 0 1.086236
35500 0 1.074585
35600 0 1.063088
35700 0 1.051744
35800 0 1.040550
35900 0 1.029504
36000 0 1.018603
36100 0 1.007846
36200 0 0.997230
36300 0 0.986754
36400 0 0.976414
36500 0 0.966210
36600 0 0.956139
36700 0 0.946199
36800 0 0.936388
36900 0 0.926704
37000 0 0.917145
37100 0 0.907709
37200 0 0.898395
37300 0 0.889201
37400 0 0.880125
37500 0 0.871165
37600 0 0.862319
37700 0 0.853586
37800 0 0.844964
37900 0 0.836451
38000 0 0.828046
38100 0 0.819747
38200 0 0.811552
38300 0 0.803460
38400 0 0.795470
38500 0 0.787580
38600 0 0.779788
38700 0 0.772092
38800 0 0.764493
38900 0 0.756987
39000 0 0.749575
39100 0 0.742253
39200 0 0.735022
39300 0 0.727879
39400 0 0.720823
39500 0 0.713853
39600 0 0.706969
39700 0 0.700167
39800 0 0.693449
39900 0 0.686811
40000 0 0.680253
40100 0 0.673774
40200 0 0.667372
40300 0 0.661047
40400 0 0.654797
40500 0 0.648622
40600 0 0.642520
40700 0 0.636490
40800 0 0.630531
40900 0 0.624642
41000 0 0.618822
41100 0 0.613070
41200 0 0.607386
41300 0 0.601767
41400 0 0.596214
41500 0 0.590725
41600 0 0.585300
41700 0 0.579937
41800 0 0.574635
41900 0 0.569395
42000 0 0.564214
42100 0 0.559092
42200 0 0.554029
42300 0 0.549023
42400 0 0.544074
42500 0 0.539180
42600 0 0.534342
42700 0 0.529557
42800 0 0.524827
42900 0 0.520149
43000 0 0.515523
43100 0 0.510949
43200 0 0.506426
43300 0 0.501952
43400 0 0.497528
43500 0 0.493152
43600 0 0.488825
43700 0 0.484544
43800 0 0.480311
43900 0 0.476124
44000 0 0.471982
44100 0 0.467885
44200 0 0.463832
44300 0 0.459823
44400 0 0.455857
44500 0 0.451934
44600 0 0.448052
44700 0 0.444213
44800 0 0.440414
44900 0 0.436655
45000 0 0.432936
45100 0 0.429257
45200 0 0.425616
45300 0 0.422014
45400 0 0.418450
45500 0 0.414923
45600 0 0.411432
45700 0 0.407979
45800 0 0.404561
45900 0 0.401179
46000 0 0.397831
46100 0 0.394519
46200 0 0.391240
46300 0 0.387995
46400 0 0.384784
46500 0 0.381605
46600 0 0.378459
46700 0 0.375345
46800 0 0.372263
46900 0 0.369212
47000 0 0.366192
47100 0 0.363203
47200 0 0.360243
47300 0 0.357314
47400 0 0.354414
47500 0 0.351543
47600 0 0.348701
47700 0 0.345887
47800 0 0.343101
47900 0 0.340343
48000 0 0.337612
48100 0 0.334909
48200 0 0.332232
48300 0 0.329581
48400 0 0.326957
48500 0 0.324358
48600 0 0.321785
48700 0 0.319237
48800 0 0.316714
48900 0 0.314215
49000 0 0.311741
49100 0 0.309291
49200 0 0.306865
49300 0 0.304462
49400 0 0.302082
49500 0 0.299726
49600 0 0.297392
49700 0 0.295080
49800 0 0.292791
49900 0 0.290523
