0 0 11.128356
100 0 11.128092
200 0 11.127299
300 0 11.125979
400 0 11.124130
500 0 11.121753
600 0 11.118849
700 0 11.115418
800 0 11.111460
900 0 11.106977
1000 0 11.101968
1100 0 11.096435
1200 0 11.090378
1300 0 11.083798
1400 0 11.076696
1500 0 11.069074
1600 0 11.060932
1700 0 11.052272
1800 0 11.043094
1900 0 11.033401
2000 0 11.023194
2100 0 11.012473
2200 0 11.001242
2300 0 10.989500
2400 0 10.977251
2500 0 10.964496
2600 0 10.951237
2700 0 10.937476
2800 0 10.923215
2900 0 10.908456
3000 0 10.893201
3100 0 10.877453
3200 0 10.861214
3300 0 10.844486
3400 0 10.827271
3500 0 10.809574
3600 0 10.791395
3700 0 10.772738
3800 0 10.753605
3900 0 10.734000
4000 0 10.713926
4100 0 10.693385
4200 0 10.672380
4300 0 10.650915
4400 0 10.628992
4500 0 10.606616
4600 0 10.583789
4700 0 10.560516
4800 0 10.536798
4900 0 10.512641
5000 0 10.488047
5100 0 10.463021
5200 0 10.437565
5300 0 10.411685
5400 0 10.385383
5500 0 10.358664
5600 0 10.331532
5700 0 10.303991
5800 0 10.276045
5900 0 10.247698
6000 0 10.218955
6100 0 10.189819
6200 0 10.160295
6300 0 10.130389
6400 0 10.100103
6500 0 10.069443
6600 0 10.038413
6700 0 10.007019
6800 0 9.975264
6900 0 9.943153
7000 0 9.910692
7100 0 9.877885
7200 0 9.844737
7300 0 9.811252
7400 0 9.777437
7500 0 9.743296
7600 0 9.708834
7700 0 9.674057
7800 0 9.638968
7900 0 9.603575
8000 0 9.567881
8100 0 9.531893
8200 0 9.495615
8300 0 9.459053
8400 0 9.422212
8500 0 9.385098
8600 0 9.347716
8700 0 9.310071
8800 0 9.272170
8900 0 9.234017
9000 0 9.195619
9100 0 9.156980
9200 0 9.118107
9300 0 9.079005
9400 0 9.039679
9500 0 9.000136
9600 0 8.960381
9700 0 8.920419
9800 0 8.880256
9900 0 8.839899
10000 0 8.799352
10100 0 8.758621
10200 0 8.717713
10300 0 8.676632
10400 0 8.635385
10500 0 8.593978
10600 0 8.552415
10700 0 8.510702
10800 0 8.468846
10900 0 8.426853
11000 0 8.384726
11100 0 8.342474
11200 0 8.300100
11300 0 8.257611
11400 0 8.215012
11500 0 8.172309
11600 0 8.129508
11700 0 8.086614
11800 0 8.043632
11900 0 8.000568
12000 0 7.957429
12100 0 7.914218
12200 0 7.870942
12300 0 7.827605
12400 0 7.784215
12500 0 7.740774
12600 0 7.697290
12700 0 7.653767
12800 0 7.610211
12900 0 7.566626
13000 0 7.523019
13100 0 7.479393
13200 0 7.435754
13300 0 7.392107
13400 0 7.348458
13500 0 7.304810
13600 0 7.261170
13700 0 7.217541
13800 0 7.173929
13900 0 7.130338
14000 0 7.086773
14100 0 7.043238
14200 0 6.999739
14300 0 6.956280
14400 0 6.912865
14500 0 6.869498
14600 0 6.826185
14700 0 6.782928
14800 0 6.739734
14900 0 6.696605
15000 0 6.653546
15100 0 6.610560
15200 0 6.567653
15300 0 6.524828
15400 0 6.482088
15500 0 6.439438
15600 0 6.396881
15700 0 6.354421
15800 0 6.312062
15900 0 6.269806
16000 0 6.227659
16100 0 6.185623
16200 0 6.143701
16300 0 6.101896
16400 0 6.060213
16500 0 6.018654
16600 0 5.977222
16700 0 5.935921
16800 0 5.894752
16900 0 5.853720
17000 0 5.812827
17100 0 5.772076
17200 0 5.731469
17300 0 5.691009
17400 0 5.650699
17500 0 5.610541
17600 0 5.570538
17700 0 5.530692
17800 0 5.491005
17900 0 5.451480
18000 0 5.412118
18100 0 5.372923
18200 0 5.333895
18300 0 5.295038
18400 0 5.256352
18500 0 5.217840
18600 0 5.179504
18700 0 5.141346
18800 0 5.103366
18900 0 5.065567
19000 0 5.027950
19100 0 4.990518
19200 0 4.953270
19300 0 4.916209
19400 0 4.879337
19500 0 4.842653
19600 0 4.806161
19700 0 4.769860
19800 0 4.733751
19900 0 4.697837
20000 0 4.662118
20100 0 4.626595
20200 0 4.591269
20300 0 4.556140
20400 0 4.521210
20500 0 4.486479
20600 0 4.451949
20700 0 4.417619
20800 0 4.383491
20900 0 4.349564
21000 0 4.315840
21100 0 4.282320
21200 0 4.249002
21300 0 4.215888
21400 0 4.182979
21500 0 4.150274
21600 0 4.117774
21700 0 4.085479
21800 0 4.053389
21900 0 4.021505
22000 0 3.989826
22100 0 3.958353
22200 0 3.927086
22300 0 3.896024
22400 0 3.865168
22500 0 3.834517
22600 0 3.804072
22700 0 3.773833
22800 0 3.743799
22900 0 3.713970
23000 0 3.684345
23100 0 3.654926
23200 0 3.625710
23300 0 3.596699
23400 0 3.567892
23500 0 3.539287
23600 0 3.510886
23700 0 3.482688
23800 0 3.454691
23900 0 3.426896
24000 0 3.399303
24100 0 3.371910
24200 0 3.344717
24300 0 3.317723
24400 0 3.290929
24500 0 3.264333
24600 0 3.237935
24700 0 3.211735
24800 0 3.185730
24900 0 3.159922
25000 0 3.134308
25100 0 3.108890
25200 0 3.083664
25300 0 3.058632
25400 0 3.033792
25500 0 3.009144
25600 0 2.984686
25700 0 2.960418
25800 0 2.936339
25900 0 2.912448
26000 0 2.888745
26100 0 2.865228
26200 0 2.841897
26300 0 2.818750
26400 0 2.795788
26500 0 2.773008
26600 0 2.750410
26700 0 2.727994
26800 0 2.705758
26900 0 2.683701
27000 0 2.661822
27100 0 2.640121
27200 0 2.618596
27300 0 2.597247
27400 0 2.576072
27500 0 2.555071
27600 0 2.534242
27700 0 2.513584
27800 0 2.493097
27900 0 2.472780
28000 0 2.452631
28100 0 2.432649
28200 0 2.412834
28300 0 2.393184
28400 0 2.373699
28500 0 2.354377
28600 0 2.335217
28700 0 2.316218
28800 0 2.297380
28900 0 2.278701
29000 0 2.260180
29100 0 2.241816
29200 0 2.223608
29300 0 2.205555
29400 0 2.187657
29500 0 2.169910
29600 0 2.152316
29700 0 2.134873
29800 0 2.117579
29900 0 2.100434
30000 0 2.083436
30100 0 2.066585
30200 0 2.049880
30300 0 2.033319
30400 0 2.016901
30500 0 2.000626
30600 0 1.984492
30700 0 1.968498
30800 0 1.952644
30900 0 1.936927
31000 0 1.921348
31100 0 1.905905
31200 0 1.890597
31300 0 1.875423
31400 0 1.860382
31500 0 1.845472
31600 0 1.830694
31700 0 1.816046
31800 0 1.801526
31900 0 1.787135
32000 0 1.772870
32100 0 1.758731
32200 0 1.744717
32300 0 1.730827
32400 0 1.717059
32500 0 1.703414
32600 0 1.689889
32700 0 1.676484
32800 0 1.663198
32900 0 1.650030
33000 0 1.636979
33100 0 1.624043
33200 0 1.611223
33300 0 1.598517
33400 0 1.585924
33500 0 1.573442
33600 0 1.561073
33700 0 1.548813
33800 0 1.536662
33900 0 1.524620
34000 0 1.512686
34100 0 1.500858
34200 0 1.489135
34300 0 1.477517
34400 0 1.466003
34500 0 1.454592
34600 0 1.443282
34700 0 1.432074
34800 0 1.420966
34900 0 1.409958
35000 0 1.399047
35100 0 1.388235
35200 0 1.377519
35300 0 1.366898
35400 0 1.356373
35500 0 1.345942
35600 0 1.335605
35700 0 1.325359
35800 0 1.315206
35900 0 1.305143
36000 0 1.295170
36100 0 1.285286
36200 0 1.275491
36300 0 1.265783
36400 0 1.256162
36500 0 1.246627
36600 0 1.237178
36700 0 1.227812
36800 0 1.218531
36900 0 1.209332
37000 0 1.200215
37100 0 1.191179
37200 0 1.182225
37300 0 1.173350
37400 0 1.164554
37500 0 1.155836
37600 0 1.147196
37700 0 1.138633
37800 0 1.130147
37900 0 1.121735
38000 0 1.113399
38100 0 1.105137
38200 0 1.096948
38300 0 1.088831
38400 0 1.080787
38500 0 1.072814
38600 0 1.064912
38700 0 1.057080
38800 0 1.049317
38900 0 1.041622
39000 0 1.033996
39100 0 1.026437
39200 0 1.018945
39300 0 1.011519
39400 0 1.004159
39500 0 0.996863
39600 0 0.989632
39700 0 0.982464
39800 0 0.975359
39900 0 0.968317
40000 0 0.961336
40100 0 0.954417
40200 0 0.947558
40300 0 0.940760
40400 0 0.934020
40500 0 0.927340
40600 0 0.920718
40700 0 0.914154
40800 0 0.907647
40900 0 0.901197
41000 0 0.894803
41100 0 0.888465
41200 0 0.882181
41300 0 0.875952
41400 0 0.869777
41500 0 0.863656
41600 0 0.857587
41700 0 0.851571
41800 0 0.845607
41900 0 0.839694
42000 0 0.833833
42100 0 0.828021
42200 0 0.822260
42300 0 0.816548
42400 0 0.810885
42500 0 0.805271
42600 0 0.799705
42700 0 0.794186
42800 0 0.788714
42900 0 0.783289
43000 0 0.777910
43100 0 0.772577
43200 0 0.767290
43300 0 0.762047
43400 0 0.756849
43500 0 0.751694
43600 0 0.746583
43700 0 0.741516
43800 0 0.736491
43900 0 0.731508
44000 0 0.726568
44100 0 0.721669
44200 0 0.716811
44300 0 0.711993
44400 0 0.707217
44500 0 0.702479
44600 0 0.697782
44700 0 0.693124
44800 0 0.688504
44900 0 0.683923
45000 0 0.679380
45100 0 0.674874
45200 0 0.670406
45300 0 0.665975
45400 0 0.661580
45500 0 0.657222
45600 0 0.652899
45700 0 0.648612
45800 0 0.644360
45900 0 0.640143
46000 0 0.635961
46100 0 0.631813
46200 0 0.627698
46300 0 0.623617
46400 0 0.619569
46500 0 0.615555
46600 0 0.611572
46700 0 0.607622
46800 0 0.603704
46900 0 0.599818
47000 0 0.595963
47100 0 0.592139
47200 0 0.588345
47300 0 0.584583
47400 0 0.580850
47500 0 0.577147
47600 0 0.573474
47700 0 0.569830
47800 0 0.566215
47900 0 0.562629
48000 0 0.559071
48100 0 0.555541
48200 0 0.552040
48300 0 0.548566
48400 0 0.545119
48500 0 0.541700
48600 0 0.538307
48700 0 0.534941
48800 0 0.531602
48900 0 0.528289
49000 0 0.525001
49100 0 0.521739
49200 0 0.518503
49300 0 0.515292
49400 0 0.512105
49500 0 0.508944
49600 0 0.505807
49700 0 0.502694
49800 0 0.499605
49900 0 0.496540
