0 0 4.269557
100 0 4.269551
200 0 4.269536
300 0 4.269511
400 0 4.269475
500 0 4.269430
600 0 4.269374
700 0 4.269308
800 0 4.269232
900 0 4.269146
1000 0 4.269049
1100 0 4.268942
1200 0 4.268826
1300 0 4.268699
1400 0 4.268561
1500 0 4.268414
1600 0 4.268256
1700 0 4.268089
1800 0 4.267911
1900 0 4.267722
2000 0 4.267524
2100 0 4.267315
2200 0 4.267096
2300 0 4.266866
2400 0 4.266626
2500 0 4.266376
2600 0 4.266116
2700 0 4.265845
2800 0 4.265564
2900 0 4.265272
3000 0 4.264970
3100 0 4.264658
3200 0 4.264335
3300 0 4.264002
3400 0 4.263658
3500 0 4.263304
3600 0 4.262939
3700 0 4.262563
3800 0 4.262177
3900 0 4.261781
4000 0 4.261373
4100 0 4.260955
4200 0 4.260527
4300 0 4.260087
4400 0 4.259637
4500 0 4.259176
4600 0 4.258705
4700 0 4.258222
4800 0 4.257729
4900 0 4.257224
5000 0 4.256709
5100 0 4.256183
5200 0 4.255646
5300 0 4.255097
5400 0 4.254538
5500 0 4.253968
5600 0 4.253386
5700 0 4.252793
5800 0 4.252189
5900 0 4.251574
6000 0 4.250947
6100 0 4.250310
6200 0 4.249660
6300 0 4.248999
6400 0 4.248327
6500 0 4.247643
6600 0 4.246948
6700 0 4.246241
6800 0 4.245523
6900 0 4.244792
7000 0 4.244050
7100 0 4.243296
7200 0 4.242530
7300 0 4.241753
7400 0 4.240963
7500 0 4.240161
7600 0 4.239347
7700 0 4.238522
7800 0 4.237683
7900 0 4.236833
8000 0 4.235970
8100 0 4.235095
8200 0 4.234208
8300 0 4.233308
8400 0 4.232395
8500 0 4.231470
8600 0 4.230532
8700 0 4.229582
8800 0 4.228618
8900 0 4.227642
9000 0 4.226652
9100 0 4.225650
9200 0 4.224635
9300 0 4.223606
9400 0 4.222564
9500 0 4.221509
9600 0 4.220440
9700 0 4.219358
9800 0 4.218262
9900 0 4.217153
10000 0 4.216030
10100 0 4.214893
10200 0 4.213742
10300 0 4.212577
10400 0 4.211399
10500 0 4.210206
10600 0 4.208998
10700 0 4.207777
10800 0 4.206541
10900 0 4.205290
11000 0 4.204025
11100 0 4.202745
11200 0 4.201450
11300 0 4.200141
11400 0 4.198816
11500 0 4.197476
11600 0 4.196121
11700 0 4.194751
11800 0 4.193365
11900 0 4.191963
12000 0 4.190546
12100 0 4.189114
12200 0 4.187665
12300 0 4.186200
12400 0 4.184719
12500 0 4.183222
12600 0 4.181709
12700 0 4.180179
12800 0 4.178632
12900 0 4.177069
13000 0 4.175488
13100 0 4.173891
13200 0 4.172277
13300 0 4.170645
13400 0 4.168996
13500 0 4.167329
13600 0 4.165645
13700 0 4.163943
13800 0 4.162223
13900 0 4.160484
14000 0 4.158728
14100 0 4.156952
14200 0 4.155159
14300 0 4.153346
14400 0 4.151515
14500 0 4.149665
14600 0 4.147795
14700 0 4.145906
14800 0 4.143997
14900 0 4.142069
15000 0 4.140121
15100 0 4.138152
15200 0 4.136163
15300 0 4.134154
15400 0 4.132124
15500 0 4.130074
15600 0 4.128002
15700 0 4.125909
15800 0 4.123795
15900 0 4.121659
16000 0 4.119501
16100 0 4.117321
16200 0 4.115119
16300 0 4.112895
16400 0 4.110647
16500 0 4.108377
16600 0 4.106084
16700 0 4.103768
16800 0 4.101428
16900 0 4.099064
17000 0 4.096676
17100 0 4.094264
17200 0 4.091827
17300 0 4.089366
17400 0 4.086880
17500 0 4.084368
17600 0 4.081831
17700 0 4.079268
17800 0 4.076679
17900 0 4.074064
18000 0 4.071422
18100 0 4.068753
18200 0 4.066057
18300 0 4.063334
18400 0 4.060583
18500 0 4.057804
18600 0 4.054997
18700 0 4.052161
18800 0 4.049296
18900 0 4.046402
19000 0 4.043479
19100 0 4.040525
19200 0 4.037542
19300 0 4.034528
19400 0 4.031483
19500 0 4.028407
19600 0 4.025299
19700 0 4.022160
19800 0 4.018988
19900 0 4.015784
20000 0 4.012547
20100 0 4.009277
20200 0 4.005972
20300 0 4.002634
20400 0 3.999262
20500 0 3.995854
20600 0 3.992411
20700 0 3.988933
20800 0 3.985419
20900 0 3.981868
21000 0 3.978280
21100 0 3.974655
21200 0 3.970993
21300 0 3.967292
21400 0 3.963552
21500 0 3.959774
21600 0 3.955956
21700 0 3.952098
21800 0 3.948200
21900 0 3.944261
22000 0 3.940280
22100 0 3.936258
22200 0 3.932193
22300 0 3.928086
22400 0 3.923935
22500 0 3.919741
22600 0 3.915502
22700 0 3.911218
22800 0 3.906889
22900 0 3.902514
23000 0 3.898092
23100 0 3.893624
23200 0 3.889108
23300 0 3.884544
23400 0 3.879931
23500 0 3.875269
23600 0 3.870557
23700 0 3.865795
23800 0 3.860982
23900 0 3.856117
24000 0 3.851200
24100 0 3.846230
24200 0 3.841207
24300 0 3.836130
24400 0 3.830998
24500 0 3.825810
24600 0 3.820567
24700 0 3.815268
24800 0 3.809911
24900 0 3.804496
25000 0 3.799022
25100 0 3.793490
25200 0 3.787897
25300 0 3.782244
25400 0 3.776529
25500 0 3.770752
25600 0 3.764913
25700 0 3.759010
25800 0 3.753044
25900 0 3.747012
26000 0 3.740915
26100 0 3.734751
26200 0 3.728521
26300 0 3.722222
26400 0 3.715855
26500 0 3.709419
26600 0 3.702913
26700 0 3.696336
26800 0 3.689687
26900 0 3.682967
27000 0 3.676173
27100 0 3.669305
27200 0 3.662362
27300 0 3.655344
27400 0 3.648250
27500 0 3.641079
27600 0 3.633830
27700 0 3.626503
27800 0 3.619096
27900 0 3.611609
28000 0 3.604041
28100 0 3.596391
28200 0 3.588659
28300 0 3.580843
28400 0 3.572943
28500 0 3.564958
28600 0 3.556888
28700 0 3.548731
28800 0 3.540487
28900 0 3.532154
29000 0 3.523733
29100 0 3.515222
29200 0 3.506620
29300 0 3.497927
29400 0 3.489142
29500 0 3.480265
29600 0 3.471294
29700 0 3.462228
29800 0 3.453068
29900 0 3.443811
30000 0 3.434459
30100 0 3.425008
30200 0 3.415460
30300 0 3.405814
30400 0 3.396068
30500 0 3.386222
30600 0 3.376275
30700 0 3.366227
30800 0 3.356077
30900 0 3.345824
31000 0 3.335468
31100 0 3.325008
31200 0 3.314444
31300 0 3.303775
31400 0 3.293000
31500 0 3.282120
31600 0 3.271133
31700 0 3.260038
31800 0 3.248837
31900 0 3.237527
32000 0 3.226109
32100 0 3.214583
32200 0 3.202947
32300 0 3.191202
32400 0 3.179348
32500 0 3.167383
32600 0 3.155308
32700 0 3.143123
32800 0 3.130828
32900 0 3.118421
33000 0 3.105904
33100 0 3.093276
33200 0 3.080538
33300 0 3.067688
33400 0 3.054728
33500 0 3.041656
33600 0 3.028475
33700 0 3.015183
33800 0 3.001780
33900 0 2.988268
34000 0 2.974647
34100 0 2.960916
34200 0 2.947076
34300 0 2.933128
34400 0 2.919072
34500 0 2.904910
34600 0 2.890640
34700 0 2.876265
34800 0 2.861784
34900 0 2.847200
35000 0 2.832512
35100 0 2.817721
35200 0 2.802829
35300 0 2.787836
35400 0 2.772744
35500 0 2.757554
35600 0 2.742266
35700 0 2.726884
35800 0 2.711406
35900 0 2.695836
36000 0 2.680175
36100 0 2.664424
36200 0 2.648584
36300 0 2.632658
36400 0 2.616648
36500 0 2.600554
36600 0 2.584380
36700 0 2.568126
36800 0 2.551796
36900 0 2.535391
37000 0 2.518913
37100 0 2.502364
37200 0 2.485748
37300 0 2.469066
37400 0 2.452320
37500 0 2.435513
37600 0 2.418648
37700 0 2.401727
37800 0 2.384754
37900 0 2.367729
38000 0 2.350658
38100 0 2.333541
38200 0 2.316382
38300 0 2.299185
38400 0 2.281951
38500 0 2.264684
38600 0 2.247387
38700 0 2.230064
38800 0 2.212716
38900 0 2.195348
39000 0 2.177962
39100 0 2.160562
39200 0 2.143151
39300 0 2.125732
39400 0 2.108309
39500 0 2.090884
39600 0 2.073461
39700 0 2.056044
39800 0 2.038635
39900 0 2.021237
40000 0 2.003856
40100 0 1.986492
40200 0 1.969150
40300 0 1.951833
40400 0 1.934545
40500 0 1.917288
40600 0 1.900065
40700 0 1.882881
40800 0 1.865737
40900 0 1.848637
41000 0 1.831585
41100 0 1.814583
41200 0 1.797634
41300 0 1.780741
41400 0 1.763907
41500 0 1.747135
41600 0 1.730428
41700 0 1.713789
41800 0 1.697219
41900 0 1.680723
42000 0 1.664302
42100 0 1.647958
42200 0 1.631695
42300 0 1.615515
42400 0 1.599420
42500 0 1.583412
42600 0 1.567494
42700 0 1.551667
42800 0 1.535934
42900 0 1.520296
43000 0 1.504756
43100 0 1.489315
43200 0 1.473976
43300 0 1.458739
43400 0 1.443606
43500 0 1.428579
43600 0 1.413660
43700 0 1.398849
43800 0 1.384148
43900 0 1.369559
44000 0 1.355081
44100 0 1.340718
44200 0 1.326469
44300 0 1.312335
44400 0 1.298317
44500 0 1.284417
44600 0 1.270635
44700 0 1.256971
44800 0 1.243426
44900 0 1.230001
45000 0 1.216697
45100 0 1.203513
45200 0 1.190450
45300 0 1.177508
45400 0 1.164688
45500 0 1.151990
45600 0 1.139413
45700 0 1.126959
45800 0 1.114626
45900 0 1.102416
46000 0 1.090327
46100 0 1.078361
46200 0 1.066516
46300 0 1.054793
46400 0 1.043190
46500 0 1.031709
46600 0 1.020349
46700 0 1.009108
46800 0 0.997988
46900 0 0.986987
47000 0 0.976105
47100 0 0.965341
47200 0 0.954696
47300 0 0.944167
47400 0 0.933756
47500 0 0.923461
47600 0 0.913281
47700 0 0.903216
47800 0 0.893265
47900 0 0.883428
48000 0 0.873703
48100 0 0.864090
48200 0 0.854589
48300 0 0.845198
48400 0 0.835916
48500 0 0.826743
48600 0 0.817678
48700 0 0.808719
48800 0 0.799867
48900 0 0.791120
49000 0 0.782478
49100 0 0.773939
49200 0 0.765502
49300 0 0.757167
49400 0 0.748933
49500 0 0.740798
49600 0 0.732762
49700 0 0.724824
49800 0 0.716983
49900 0 0.709238
