0 0 23.923422
100 0 23.922594
200 0 23.920110
300 0 23.915971
400 0 23.910176
500 0 23.902725
600 0 23.893620
700 0 23.882860
800 0 23.870447
900 0 23.856380
1000 0 23.840661
1100 0 23.823290
1200 0 23.804268
1300 0 23.783596
1400 0 23.761275
1500 0 23.737307
1600 0 23.711693
1700 0 23.684433
1800 0 23.655530
1900 0 23.624986
2000 0 23.592801
2100 0 23.558978
2200 0 23.523519
2300 0 23.486426
2400 0 23.447701
2500 0 23.407347
2600 0 23.365366
2700 0 23.321761
2800 0 23.276535
2900 0 23.229691
3000 0 23.181232
3100 0 23.131162
3200 0 23.079483
3300 0 23.026201
3400 0 22.971318
3500 0 22.914839
3600 0 22.856769
3700 0 22.797112
3800 0 22.735874
3900 0 22.673058
4000 0 22.608671
4100 0 22.542718
4200 0 22.475205
4300 0 22.406138
4400 0 22.335524
4500 0 22.263369
4600 0 22.189681
4700 0 22.114466
4800 0 22.037733
4900 0 21.959490
5000 0 21.879745
5100 0 21.798506
5200 0 21.715783
5300 0 21.631584
5400 0 21.545921
5500 0 21.458803
5600 0 21.370241
5700 0 21.280246
5800 0 21.188829
5900 0 21.096002
6000 0 21.001777
6100 0 20.906167
6200 0 20.809186
6300 0 20.710847
6400 0 20.611164
6500 0 20.510151
6600 0 20.407825
6700 0 20.304200
6800 0 20.199293
6900 0 20.093119
7000 0 19.985698
7100 0 19.877045
7200 0 19.767179
7300 0 19.656119
7400 0 19.543885
7500 0 19.430495
7600 0 19.315971
7700 0 19.200332
7800 0 19.083601
7900 0 18.965800
8000 0 18.846951
8100 0 18.727077
8200 0 18.606201
8300 0 18.484348
8400 0 18.361543
8500 0 18.237811
8600 0 18.113177
8700 0 17.987668
8800 0 17.861310
8900 0 17.734131
9000 0 17.606158
9100 0 17.477420
9200 0 17.347946
9300 0 17.217764
9400 0 17.086904
9500 0 16.955397
9600 0 16.823272
9700 0 16.690560
9800 0 16.557293
9900 0 16.423503
10000 0 16.289220
10100 0 16.154477
10200 0 16.019307
10300 0 15.883742
10400 0 15.747816
10500 0 15.611561
10600 0 15.475010
10700 0 15.338198
10800 0 15.201157
10900 0 15.063922
11000 0 14.926526
11100 0 14.789003
11200 0 14.651386
11300 0 14.513710
11400 0 14.376009
11500 0 14.238315
11600 0 14.100662
11700 0 13.963084
11800 0 13.825614
11900 0 13.688284
12000 0 13.551128
12100 0 13.414178
12200 0 13.277466
12300 0 13.141024
12400 0 13.004883
12500 0 12.869074
12600 0 12.733628
12700 0 12.598575
12800 0 12.463944
12900 0 12.329766
13000 0 12.196067
13100 0 12.062878
13200 0 11.930225
13300 0 11.798135
13400 0 11.666634
13500 0 11.535749
13600 0 11.405504
13700 0 11.275924
13800 0 11.147032
13900 0 11.018852
14000 0 10.891405
14100 0 10.764714
14200 0 10.638800
14300 0 10.513682
14400 0 10.389380
14500 0 10.265912
14600 0 10.143298
14700 0 10.021553
14800 0 9.900695
14900 0 9.780739
15000 0 9.661699
15100 0 9.543591
15200 0 9.426428
15300 0 9.310222
15400 0 9.194985
15500 0 9.080729
15600 0 8.967464
15700 0 8.855200
15800 0 8.743946
15900 0 8.633710
16000 0 8.524501
16100 0 8.416324
16200 0 8.309187
16300 0 8.203095
16400 0 8.098054
16500 0 7.994067
16600 0 7.891139
16700 0 7.789273
16800 0 7.688471
16900 0 7.588736
17000 0 7.490069
17100 0 7.392471
17200 0 7.295942
17300 0 7.200483
17400 0 7.106093
17500 0 7.012770
17600 0 6.920514
17700 0 6.829323
17800 0 6.739193
17900 0 6.650124
18000 0 6.562110
18100 0 6.475149
18200 0 6.389236
18300 0 6.304368
18400 0 6.220539
18500 0 6.137746
18600 0 6.055982
18700 0 5.975242
18800 0 5.895520
18900 0 5.816810
19000 0 5.739105
19100 0 5.662400
19200 0 5.586687
19300 0 5.511959
19400 0 5.438209
19500 0 5.365429
19600 0 5.293612
19700 0 5.222750
19800 0 5.152834
19900 0 5.083858
20000 0 5.015812
20100 0 4.948688
20200 0 4.882478
20300 0 4.817173
20400 0 4.752765
20500 0 4.689243
20600 0 4.626601
20700 0 4.564828
20800 0 4.503915
20900 0 4.443855
21000 0 4.384636
21100 0 4.326251
21200 0 4.268690
21300 0 4.211943
21400 0 4.156002
21500 0 4.100857
21600 0 4.046499
21700 0 3.992918
21800 0 3.940106
21900 0 3.888053
22000 0 3.836749
22100 0 3.786186
22200 0 3.736353
22300 0 3.687243
22400 0 3.638846
22500 0 3.591152
22600 0 3.544152
22700 0 3.497838
22800 0 3.452200
22900 0 3.407229
23000 0 3.362916
23100 0 3.319253
23200 0 3.276231
23300 0 3.233840
23400 0 3.192072
23500 0 3.150919
23600 0 3.110372
23700 0 3.070422
23800 0 3.031060
23900 0 2.992280
24000 0 2.954071
24100 0 2.916426
24200 0 2.879337
24300 0 2.842796
24400 0 2.806794
24500 0 2.771324
24600 0 2.736378
24700 0 2.701948
24800 0 2.668026
24900 0 2.634605
25000 0 2.601677
25100 0 2.569236
25200 0 2.537273
25300 0 2.505781
25400 0 2.474753
25500 0 2.444182
25600 0 2.414061
25700 0 2.384383
25800 0 2.355142
25900 0 2.326330
26000 0 2.297940
26100 0 2.269967
26200 0 2.242404
26300 0 2.215244
26400 0 2.188481
26500 0 2.162109
26600 0 2.136122
26700 0 2.110513
26800 0 2.085277
26900 0 2.060407
27000 0 2.035899
27100 0 2.011746
27200 0 1.987942
27300 0 1.964482
27400 0 1.941361
27500 0 1.918573
27600 0 1.896112
27700 0 1.873974
27800 0 1.852154
27900 0 1.830646
28000 0 1.809445
28100 0 1.788546
28200 0 1.767945
28300 0 1.747637
28400 0 1.727616
28500 0 1.707879
28600 0 1.688421
28700 0 1.669237
28800 0 1.650323
28900 0 1.631675
29000 0 1.613288
29100 0 1.595158
29200 0 1.577281
29300 0 1.559653
29400 0 1.542269
29500 0 1.525127
29600 0 1.508221
29700 0 1.491549
29800 0 1.475107
29900 0 1.458890
30000 0 1.442895
30100 0 1.427119
30200 0 1.411558
30300 0 1.396209
30400 0 1.381068
30500 0 1.366132
30600 0 1.351397
30700 0 1.336861
30800 0 1.322520
30900 0 1.308372
31000 0 1.294412
31100 0 1.280639
31200 0 1.267049
31300 0 1.253639
31400 0 1.240406
31500 0 1.227348
31600 0 1.214462
31700 0 1.201744
31800 0 1.189194
31900 0 1.176807
32000 0 1.164581
32100 0 1.152514
32200 0 1.140604
32300 0 1.128847
32400 0 1.117242
32500 0 1.105785
32600 0 1.094476
32700 0 1.083311
32800 0 1.072288
32900 0 1.061405
33000 0 1.050660
33100 0 1.040050
33200 0 1.029575
33300 0 1.019231
33400 0 1.009016
33500 0 0.998930
33600 0 0.988969
33700 0 0.979131
33800 0 0.969416
33900 0 0.959821
34000 0 0.950344
34100 0 0.940983
34200 0 0.931737
34300 0 0.922605
34400 0 0.913583
34500 0 0.904671
34600 0 0.895867
34700 0 0.887170
34800 0 0.878577
34900 0 0.870088
35000 0 0.861701
35100 0 0.853414
35200 0 0.845225
35300 0 0.837135
35400 0 0.829140
35500 0 0.821239
35600 0 0.813432
35700 0 0.805717
35800 0 0.798092
35900 0 0.790557
36000 0 0.783109
36100 0 0.775748
36200 0 0.768473
36300 0 0.761282
36400 0 0.754174
36500 0 0.747148
36600 0 0.740202
36700 0 0.733336
36800 0 0.726549
36900 0 0.719839
37000 0 0.713205
37100 0 0.706647
37200 0 0.700163
37300 0 0.693752
37400 0 0.687413
37500 0 0.681145
37600 0 0.674948
37700 0 0.668820
37800 0 0.662760
37900 0 0.656768
38000 0 0.650842
38100 0 0.644981
38200 0 0.639185
38300 0 0.633454
38400 0 0.627785
38500 0 0.622178
38600 0 0.616632
38700 0 0.611147
38800 0 0.605722
38900 0 0.600356
39000 0 0.595047
39100 0 0.589797
39200 0 0.584602
39300 0 0.579464
39400 0 0.574381
39500 0 0.569352
39600 0 0.564377
39700 0 0.559455
39800 0 0.554585
39900 0 0.549767
40000 0 0.545000
40100 0 0.540284
40200 0 0.535617
40300 0 0.530999
40400 0 0.526430
40500 0 0.521909
40600 0 0.517435
40700 0 0.513008
40800 0 0.508626
40900 0 0.504291
41000 0 0.500000
41100 0 0.495754
41200 0 0.491551
41300 0 0.487392
41400 0 0.483276
41500 0 0.479201
41600 0 0.475169
41700 0 0.471178
41800 0 0.467228
41900 0 0.463317
42000 0 0.459447
42100 0 0.455616
42200 0 0.451823
42300 0 0.448069
42400 0 0.444353
42500 0 0.440674
42600 0 0.437033
42700 0 0.433427
42800 0 0.429858
42900 0 0.426325
43000 0 0.422827
43100 0 0.419363
43200 0 0.415934
43300 0 0.412539
43400 0 0.409178
43500 0 0.405850
43600 0 0.402555
43700 0 0.399292
43800 0 0.396061
43900 0 0.392862
44000 0 0.389695
44100 0 0.386558
44200 0 0.383452
44300 0 0.380377
44400 0 0.377331
44500 0 0.374315
44600 0 0.371328
44700 0 0.368370
44800 0 0.365441
44900 0 0.362540
45000 0 0.359666
45100 0 0.356821
45200 0 0.354003
45300 0 0.351212
45400 0 0.348448
45500 0 0.345710
45600 0 0.342998
45700 0 0.340312
45800 0 0.337652
45900 0 0.335017
46000 0 0.332406
46100 0 0.329821
46200 0 0.327260
46300 0 0.324724
46400 0 0.322211
46500 0 0.319722
46600 0 0.317256
46700 0 0.314813
46800 0 0.312394
46900 0 0.309996
47000 0 0.307622
47100 0 0.305269
47200 0 0.302939
47300 0 0.300630
47400 0 0.298342
47500 0 0.296076
47600 0 0.293831
47700 0 0.291606
47800 0 0.289402
47900 0 0.287219
48000 0 0.285055
48100 0 0.282912
48200 0 0.280788
48300 0 0.278683
48400 0 0.276598
48500 0 0.274532
48600 0 0.272485
48700 0 0.270456
48800 0 0.268446
48900 0 0.266454
49000 0 0.264481
49100 0 0.262525
49200 0 0.260587
49300 0 0.258666
49400 0 0.256763
49500 0 0.254877
49600 0 0.253008
49700 0 0.251155
49800 0 0.249320
49900 0 0.247500
50000 0 0.245697
50100 0 0.243911
50200 0 0.242140
50300 0 0.240385
50400 0 0.238645
50500 0 0.236922
50600 0 0.235213
50700 0 0.233520
50800 0 0.231841
50900 0 0.230178
51000 0 0.228529
51100 0 0.226894
51200 0 0.225275
51300 0 0.223669
51400 0 0.222077
51500 0 0.220500
51600 0 0.218936
51700 0 0.217386
51800 0 0.215850
51900 0 0.214327
52000 0 0.212817
52100 0 0.211320
52200 0 0.209837
52300 0 0.208366
52400 0 0.206908
52500 0 0.205463
52600 0 0.204030
52700 0 0.202609
52800 0 0.201201
52900 0 0.199805
53000 0 0.198421
53100 0 0.197049
53200 0 0.195689
53300 0 0.194340
53400 0 0.193003
53500 0 0.191678
53600 0 0.190363
53700 0 0.189060
53800 0 0.187768
53900 0 0.186487
54000 0 0.185217
54100 0 0.183958
54200 0 0.182709
54300 0 0.181471
54400 0 0.180244
54500 0 0.179026
54600 0 0.177819
54700 0 0.176623
54800 0 0.175436
54900 0 0.174259
55000 0 0.173092
55100 0 0.171935
55200 0 0.170788
55300 0 0.169650
55400 0 0.168522
55500 0 0.167403
55600 0 0.166293
55700 0 0.165193
55800 0 0.164101
55900 0 0.163019
56000 0 0.161946
56100 0 0.160882
56200 0 0.159826
56300 0 0.158779
56400 0 0.157741
56500 0 0.156712
56600 0 0.155691
56700 0 0.154678
56800 0 0.153673
56900 0 0.152677
57000 0 0.151689
57100 0 0.150709
57200 0 0.149737
57300 0 0.148773
57400 0 0.147817
57500 0 0.146868
57600 0 0.145927
57700 0 0.144994
57800 0 0.144069
57900 0 0.143151
58000 0 0.142240
58100 0 0.141337
58200 0 0.140440
58300 0 0.139552
58400 0 0.138670
58500 0 0.137795
58600 0 0.136928
58700 0 0.136067
58800 0 0.135213
58900 0 0.134366
59000 0 0.133526
59100 0 0.132693
59200 0 0.131866
59300 0 0.131045
59400 0 0.130232
59500 0 0.129424
59600 0 0.128623
59700 0 0.127829
59800 0 0.127040
59900 0 0.126258
60000 0 0.125482
60100 0 0.124712
60200 0 0.123949
60300 0 0.123191
60400 0 0.122439
60500 0 0.121693
60600 0 0.120953
60700 0 0.120218
60800 0 0.119490
60900 0 0.118767
61000 0 0.118049
61100 0 0.117338
61200 0 0.116631
61300 0 0.115931
61400 0 0.115235
61500 0 0.114545
61600 0 0.113860
61700 0 0.113181
61800 0 0.112507
61900 0 0.111838
62000 0 0.111174
62100 0 0.110515
62200 0 0.109862
62300 0 0.109213
62400 0 0.108569
62500 0 0.107930
62600 0 0.107297
62700 0 0.106667
62800 0 0.106043
62900 0 0.105423
63000 0 0.104809
63100 0 0.104198
63200 0 0.103593
63300 0 0.102992
63400 0 0.102395
63500 0 0.101803
63600 0 0.101216
63700 0 0.100632
63800 0 0.100054
63900 0 0.099479
64000 0 0.098909
64100 0 0.098343
64200 0 0.097782
64300 0 0.097224
64400 0 0.096671
64500 0 0.096122
64600 0 0.095577
64700 0 0.095036
64800 0 0.094499
64900 0 0.093966
65000 0 0.093437
65100 0 0.092911
65200 0 0.092390
65300 0 0.091873
65400 0 0.091359
65500 0 0.090849
65600 0 0.090343
65700 0 0.089841
65800 0 0.089342
65900 0 0.088847
66000 0 0.088355
66100 0 0.087867
66200 0 0.087383
66300 0 0.086902
66400 0 0.086425
66500 0 0.085951
66600 0 0.085481
66700 0 0.085014
66800 0 0.084550
66900 0 0.084090
67000 0 0.083633
67100 0 0.083179
67200 0 0.082729
67300 0 0.082282
67400 0 0.081838
67500 0 0.081397
67600 0 0.080959
67700 0 0.080525
67800 0 0.080094
67900 0 0.079665
68000 0 0.079240
68100 0 0.078818
68200 0 0.078399
68300 0 0.077983
68400 0 0.077569
68500 0 0.077159
68600 0 0.076751
68700 0 0.076347
68800 0 0.075945
68900 0 0.075546
69000 0 0.075150
69100 0 0.074757
69200 0 0.074367
69300 0 0.073979
69400 0 0.073594
69500 0 0.073211
69600 0 0.072832
69700 0 0.072455
69800 0 0.072080
69900 0 0.071708
70000 0 0.071339
70100 0 0.070973
70200 0 0.070608
70300 0 0.070247
70400 0 0.069888
70500 0 0.069531
70600 0 0.069177
70700 0 0.068825
70800 0 0.068476
70900 0 0.068129
71000 0 0.067785
71100 0 0.067443
71200 0 0.067103
71300 0 0.066765
71400 0 0.066430
71500 0 0.066097
71600 0 0.065767
71700 0 0.065438
71800 0 0.065112
71900 0 0.064788
72000 0 0.064467
72100 0 0.064147
72200 0 0.063830
72300 0 0.063515
72400 0 0.063202
72500 0 0.062891
72600 0 0.062582
72700 0 0.062275
72800 0 0.061970
72900 0 0.061668
73000 0 0.061367
73100 0 0.061068
73200 0 0.060772
73300 0 0.060477
73400 0 0.060184
73500 0 0.059894
73600 0 0.059605
73700 0 0.059318
73800 0 0.059033
73900 0 0.058750
74000 0 0.058468
74100 0 0.058189
74200 0 0.057912
74300 0 0.057636
74400 0 0.057362
74500 0 0.057090
74600 0 0.056820
74700 0 0.056551
74800 0 0.056284
74900 0 0.056019
75000 0 0.055756
75100 0 0.055494
75200 0 0.055235
75300 0 0.054976
75400 0 0.054720
75500 0 0.054465
75600 0 0.054212
75700 0 0.053960
75800 0 0.053711
75900 0 0.053462
76000 0 0.053216
76100 0 0.052971
76200 0 0.052727
76300 0 0.052485
76400 0 0.052245
76500 0 0.052006
76600 0 0.051769
76700 0 0.051533
76800 0 0.051298
76900 0 0.051066
77000 0 0.050834
77100 0 0.050605
77200 0 0.050376
77300 0 0.050149
77400 0 0.049924
77500 0 0.049700
77600 0 0.049477
77700 0 0.049256
77800 0 0.049036
77900 0 0.048818
78000 0 0.048601
78100 0 0.048385
78200 0 0.048170
78300 0 0.047957
78400 0 0.047746
78500 0 0.047535
78600 0 0.047326
78700 0 0.047119
78800 0 0.046912
78900 0 0.046707
79000 0 0.046503
79100 0 0.046301
79200 0 0.046099
79300 0 0.045899
79400 0 0.045700
79500 0 0.045503
79600 0 0.045306
79700 0 0.045111
79800 0 0.044917
79900 0 0.044724
80000 0 0.044533
80100 0 0.044342
80200 0 0.044153
80300 0 0.043965
80400 0 0.043778
80500 0 0.043592
80600 0 0.043407
80700 0 0.043224
80800 0 0.043041
80900 0 0.042860
81000 0 0.042680
81100 0 0.042500
81200 0 0.042322
81300 0 0.042145
81400 0 0.041969
81500 0 0.041795
81600 0 0.041621
81700 0 0.041448
81800 0 0.041276
81900 0 0.041105
82000 0 0.040936
82100 0 0.040767
82200 0 0.040599
82300 0 0.040433
82400 0 0.040267
82500 0 0.040102
82600 0 0.039939
82700 0 0.039776
82800 0 0.039614
82900 0 0.039453
83000 0 0.039293
83100 0 0.039134
83200 0 0.038976
83300 0 0.038819
83400 0 0.038663
83500 0 0.038508
83600 0 0.038354
83700 0 0.038200
83800 0 0.038048
83900 0 0.037896
84000 0 0.037745
84100 0 0.037595
84200 0 0.037446
84300 0 0.037298
84400 0 0.037151
84500 0 0.037005
84600 0 0.036859
84700 0 0.036714
84800 0 0.036570
84900 0 0.036427
85000 0 0.036285
85100 0 0.036144
85200 0 0.036003
85300 0 0.035863
85400 0 0.035724
85500 0 0.035586
85600 0 0.035448
85700 0 0.035312
85800 0 0.035176
85900 0 0.035041
86000 0 0.034907
86100 0 0.034773
86200 0 0.034640
86300 0 0.034508
86400 0 0.034377
86500 0 0.034246
86600 0 0.034116
86700 0 0.033987
86800 0 0.033859
86900 0 0.033731
87000 0 0.033604
87100 0 0.033478
87200 0 0.033352
87300 0 0.033228
87400 0 0.033103
87500 0 0.032980
87600 0 0.032857
87700 0 0.032735
87800 0 0.032614
87900 0 0.032493
88000 0 0.032373
88100 0 0.032253
88200 0 0.032135
88300 0 0.032017
88400 0 0.031899
88500 0 0.031782
88600 0 0.031666
88700 0 0.031551
88800 0 0.031436
88900 0 0.031321
89000 0 0.031208
89100 0 0.031095
89200 0 0.030982
89300 0 0.030870
89400 0 0.030759
89500 0 0.030649
89600 0 0.030539
89700 0 0.030429
89800 0 0.030320
89900 0 0.030212
90000 0 0.030104
90100 0 0.029997
90200 0 0.029891
90300 0 0.029785
90400 0 0.029680
90500 0 0.029575
90600 0 0.029470
90700 0 0.029367
90800 0 0.029264
90900 0 0.029161
91000 0 0.029059
91100 0 0.028957
91200 0 0.028856
91300 0 0.028756
91400 0 0.028656
91500 0 0.028557
91600 0 0.028458
91700 0 0.028359
91800 0 0.028261
91900 0 0.028164
92000 0 0.028067
92100 0 0.027971
92200 0 0.027875
92300 0 0.027780
92400 0 0.027685
92500 0 0.027590
92600 0 0.027497
92700 0 0.027403
92800 0 0.027310
92900 0 0.027218
93000 0 0.027126
93100 0 0.027034
93200 0 0.026943
93300 0 0.026853
93400 0 0.026763
93500 0 0.026673
93600 0 0.026584
93700 0 0.026495
93800 0 0.026407
93900 0 0.026319
94000 0 0.026232
94100 0 0.026145
94200 0 0.026058
94300 0 0.025972
94400 0 0.025887
94500 0 0.025801
94600 0 0.025717
94700 0 0.025632
94800 0 0.025548
94900 0 0.025465
95000 0 0.025382
95100 0 0.025299
95200 0 0.025217
95300 0 0.025135
95400 0 0.025053
95500 0 0.024972
95600 0 0.024891
95700 0 0.024811
95800 0 0.024731
95900 0 0.024652
96000 0 0.024573
96100 0 0.024494
96200 0 0.024416
96300 0 0.024338
96400 0 0.024260
96500 0 0.024183
96600 0 0.024106
96700 0 0.024029
96800 0 0.023953
96900 0 0.023878
97000 0 0.023802
97100 0 0.023727
97200 0 0.023653
97300 0 0.023578
97400 0 0.023504
97500 0 0.023431
97600 0 0.023358
97700 0 0.023285
97800 0 0.023212
97900 0 0.023140
98000 0 0.023068
98100 0 0.022997
98200 0 0.022925
98300 0 0.022855
98400 0 0.022784
98500 0 0.022714
98600 0 0.022644
98700 0 0.022574
98800 0 0.022505
98900 0 0.022436
99000 0 0.022368
99100 0 0.022300
99200 0 0.022232
99300 0 0.022164
99400 0 0.022097
99500 0 0.022030
99600 0 0.021963
99700 0 0.021897
99800 0 0.021830
99900 0 0.021765
