0 0 2.848478
100 0 2.848476
200 0 2.848472
300 0 2.848464
400 0 2.848453
500 0 2.848438
600 0 2.848421
700 0 2.848400
800 0 2.848376
900 0 2.848349
1000 0 2.848319
1100 0 2.848285
1200 0 2.848249
1300 0 2.848209
1400 0 2.848166
1500 0 2.848120
1600 0 2.848070
1700 0 2.848018
1800 0 2.847962
1900 0 2.847903
2000 0 2.847840
2100 0 2.847775
2200 0 2.847706
2300 0 2.847634
2400 0 2.847559
2500 0 2.847481
2600 0 2.847399
2700 0 2.847314
2800 0 2.847226
2900 0 2.847135
3000 0 2.847041
3100 0 2.846943
3200 0 2.846842
3300 0 2.846737
3400 0 2.846630
3500 0 2.846519
3600 0 2.846405
3700 0 2.846287
3800 0 2.846166
3900 0 2.846042
4000 0 2.845915
4100 0 2.845784
4200 0 2.845650
4300 0 2.845513
4400 0 2.845373
4500 0 2.845229
4600 0 2.845081
4700 0 2.844931
4800 0 2.844777
4900 0 2.844619
5000 0 2.844459
5100 0 2.844294
5200 0 2.844127
5300 0 2.843956
5400 0 2.843782
5500 0 2.843604
5600 0 2.843423
5700 0 2.843238
5800 0 2.843050
5900 0 2.842859
6000 0 2.842664
6100 0 2.842465
6200 0 2.842263
6300 0 2.842058
6400 0 2.841849
6500 0 2.841636
6600 0 2.841420
6700 0 2.841201
6800 0 2.840978
6900 0 2.840751
7000 0 2.840521
7100 0 2.840287
7200 0 2.840050
7300 0 2.839809
7400 0 2.839565
7500 0 2.839316
7600 0 2.839065
7700 0 2.838809
7800 0 2.838550
7900 0 2.838287
8000 0 2.838021
8100 0 2.837750
8200 0 2.837476
8300 0 2.837199
8400 0 2.836917
8500 0 2.836632
8600 0 2.836343
8700 0 2.836050
8800 0 2.835754
8900 0 2.835453
9000 0 2.835149
9100 0 2.834841
9200 0 2.834529
9300 0 2.834213
9400 0 2.833893
9500 0 2.833569
9600 0 2.833242
9700 0 2.832910
9800 0 2.832574
9900 0 2.832235
10000 0 2.831891
10100 0 2.831544
10200 0 2.831192
10300 0 2.830836
10400 0 2.830476
10500 0 2.830113
10600 0 2.829745
10700 0 2.829372
10800 0 2.828996
10900 0 2.828616
11000 0 2.828231
11100 0 2.827842
11200 0 2.827449
11300 0 2.827051
11400 0 2.826650
11500 0 2.826244
11600 0 2.825833
11700 0 2.825419
11800 0 2.825000
11900 0 2.824576
12000 0 2.824148
12100 0 2.823716
12200 0 2.823279
12300 0 2.822838
12400 0 2.822392
12500 0 2.821942
12600 0 2.821487
12700 0 2.821027
12800 0 2.820563
12900 0 2.820095
13000 0 2.819621
13100 0 2.819143
13200 0 2.818661
13300 0 2.818173
13400 0 2.817681
13500 0 2.817184
13600 0 2.816682
13700 0 2.816175
13800 0 2.815664
13900 0 2.815147
14000 0 2.814626
14100 0 2.814099
14200 0 2.813568
14300 0 2.813031
14400 0 2.812490
14500 0 2.811943
14600 0 2.811392
14700 0 2.810835
14800 0 2.810273
14900 0 2.809706
15000 0 2.809133
15100 0 2.808555
15200 0 2.807972
15300 0 2.807384
15400 0 2.806790
15500 0 2.806191
15600 0 2.805586
15700 0 2.804976
15800 0 2.804360
15900 0 2.803739
16000 0 2.803112
16100 0 2.802480
16200 0 2.801842
16300 0 2.801198
16400 0 2.800548
16500 0 2.799893
16600 0 2.799232
16700 0 2.798565
16800 0 2.797892
16900 0 2.797213
17000 0 2.796528
17100 0 2.795837
17200 0 2.795140
17300 0 2.794437
17400 0 2.793728
17500 0 2.793012
17600 0 2.792290
17700 0 2.791562
17800 0 2.790828
17900 0 2.790087
18000 0 2.789340
18100 0 2.788587
18200 0 2.787826
18300 0 2.787060
18400 0 2.786286
18500 0 2.785506
18600 0 2.784720
18700 0 2.783926
18800 0 2.783126
18900 0 2.782319
19000 0 2.781504
19100 0 2.780683
19200 0 2.779855
19300 0 2.779020
19400 0 2.778178
19500 0 2.777328
19600 0 2.776471
19700 0 2.775607
19800 0 2.774736
19900 0 2.773857
20000 0 2.772970
20100 0 2.772076
20200 0 2.771175
20300 0 2.770265
20400 0 2.769348
20500 0 2.768424
20600 0 2.767491
20700 0 2.766550
20800 0 2.765602
20900 0 2.764645
21000 0 2.763680
21100 0 2.762707
21200 0 2.761726
21300 0 2.760736
21400 0 2.759738
21500 0 2.758732
21600 0 2.757717
21700 0 2.756693
21800 0 2.755661
21900 0 2.754620
22000 0 2.753570
22100 0 2.752511
22200 0 2.751443
22300 0 2.750366
22400 0 2.749279
22500 0 2.748184
22600 0 2.747079
22700 0 2.745965
22800 0 2.744841
22900 0 2.743708
23000 0 2.742564
23100 0 2.741412
23200 0 2.740249
23300 0 2.739076
23400 0 2.737894
23500 0 2.736701
23600 0 2.735498
23700 0 2.734284
23800 0 2.733060
23900 0 2.731826
24000 0 2.730581
24100 0 2.729325
24200 0 2.728059
24300 0 2.726781
24400 0 2.725492
24500 0 2.724193
24600 0 2.722882
24700 0 2.721559
24800 0 2.720225
24900 0 2.718880
25000 0 2.717523
25100 0 2.716153
25200 0 2.714772
25300 0 2.713379
25400 0 2.711974
25500 0 2.710556
25600 0 2.709126
25700 0 2.707684
25800 0 2.706228
25900 0 2.704760
26000 0 2.703279
26100 0 2.701784
26200 0 2.700277
26300 0 2.698756
26400 0 2.697222
26500 0 2.695673
26600 0 2.694112
26700 0 2.692536
26800 0 2.690946
26900 0 2.689341
27000 0 2.687723
27100 0 2.686089
27200 0 2.684441
27300 0 2.682779
27400 0 2.681101
27500 0 2.679408
27600 0 2.677699
27700 0 2.675975
27800 0 2.674235
27900 0 2.672480
28000 0 2.670708
28100 0 2.668920
28200 0 2.667115
28300 0 2.665294
28400 0 2.663457
28500 0 2.661602
28600 0 2.659730
28700 0 2.657840
28800 0 2.655933
28900 0 2.654008
29000 0 2.652066
29100 0 2.650105
29200 0 2.648125
29300 0 2.646127
29400 0 2.644110
29500 0 2.642075
29600 0 2.640019
29700 0 2.637945
29800 0 2.635850
29900 0 2.633736
30000 0 2.631601
30100 0 2.629446
30200 0 2.627271
30300 0 2.625074
30400 0 2.622856
30500 0 2.620617
30600 0 2.618356
30700 0 2.616074
30800 0 2.613769
30900 0 2.611441
31000 0 2.609091
31100 0 2.606718
31200 0 2.604322
31300 0 2.601902
31400 0 2.599458
31500 0 2.596990
31600 0 2.594498
31700 0 2.591980
31800 0 2.589438
31900 0 2.586871
32000 0 2.584278
32100 0 2.581659
32200 0 2.579014
32300 0 2.576342
32400 0 2.573643
32500 0 2.570917
32600 0 2.568164
32700 0 2.565382
32800 0 2.562573
32900 0 2.559734
33000 0 2.556867
33100 0 2.553971
33200 0 2.551045
33300 0 2.548089
33400 0 2.545102
33500 0 2.542085
33600 0 2.539037
33700 0 2.535957
33800 0 2.532846
33900 0 2.529702
34000 0 2.526525
34100 0 2.523316
34200 0 2.520073
34300 0 2.516796
34400 0 2.513485
34500 0 2.510139
34600 0 2.506759
34700 0 2.503342
34800 0 2.499890
34900 0 2.496402
35000 0 2.492876
35100 0 2.489314
35200 0 2.485714
35300 0 2.482075
35400 0 2.478398
35500 0 2.474682
35600 0 2.470927
35700 0 2.467132
35800 0 2.463296
35900 0 2.459419
36000 0 2.455501
36100 0 2.451542
36200 0 2.447540
36300 0 2.443495
36400 0 2.439407
36500 0 2.435275
36600 0 2.431099
36700 0 2.426878
36800 0 2.422612
36900 0 2.418300
37000 0 2.413942
37100 0 2.409537
37200 0 2.405085
37300 0 2.400585
37400 0 2.396036
37500 0 2.391439
37600 0 2.386793
37700 0 2.382097
37800 0 2.377350
37900 0 2.372552
38000 0 2.367703
38100 0 2.362802
38200 0 2.357849
38300 0 2.352843
38400 0 2.347783
38500 0 2.342669
38600 0 2.337500
38700 0 2.332276
38800 0 2.326997
38900 0 2.321662
39000 0 2.316270
39100 0 2.310820
39200 0 2.305313
39300 0 2.299748
39400 0 2.294124
39500 0 2.288440
39600 0 2.282697
39700 0 2.276894
39800 0 2.271030
39900 0 2.265105
40000 0 2.259117
40100 0 2.253068
40200 0 2.246956
40300 0 2.240781
40400 0 2.234542
40500 0 2.228238
40600 0 2.221871
40700 0 2.215438
40800 0 2.208940
40900 0 2.202375
41000 0 2.195745
41100 0 2.189048
41200 0 2.182284
41300 0 2.175452
41400 0 2.168552
41500 0 2.161584
41600 0 2.154547
41700 0 2.147442
41800 0 2.140267
41900 0 2.133023
42000 0 2.125708
42100 0 2.118324
42200 0 2.110869
42300 0 2.103344
42400 0 2.095747
42500 0 2.088080
42600 0 2.080341
42700 0 2.072531
42800 0 2.064650
42900 0 2.056696
43000 0 2.048671
43100 0 2.040574
43200 0 2.032405
43300 0 2.024164
43400 0 2.015851
43500 0 2.007466
43600 0 1.999009
43700 0 1.990480
43800 0 1.981880
43900 0 1.973208
44000 0 1.964464
44100 0 1.955650
44200 0 1.946764
44300 0 1.937808
44400 0 1.928781
44500 0 1.919684
44600 0 1.910517
44700 0 1.901281
44800 0 1.891977
44900 0 1.882603
45000 0 1.873162
45100 0 1.863654
45200 0 1.854078
45300 0 1.844437
45400 0 1.834730
45500 0 1.824958
45600 0 1.815123
45700 0 1.805224
45800 0 1.795263
45900 0 1.785240
46000 0 1.775157
46100 0 1.765014
46200 0 1.754812
46300 0 1.744553
46400 0 1.734238
46500 0 1.723867
46600 0 1.713442
46700 0 1.702965
46800 0 1.692435
46900 0 1.681856
47000 0 1.671227
47100 0 1.660551
47200 0 1.649829
47300 0 1.639063
47400 0 1.628253
47500 0 1.617402
47600 0 1.606510
47700 0 1.595581
47800 0 1.584615
47900 0 1.573614
48000 0 1.562580
48100 0 1.551515
48200 0 1.540420
48300 0 1.529298
48400 0 1.518150
48500 0 1.506978
48600 0 1.495785
48700 0 1.484571
48800 0 1.473340
48900 0 1.462092
49000 0 1.450831
49100 0 1.439558
49200 0 1.428275
49300 0 1.416985
49400 0 1.405689
49500 0 1.394389
49600 0 1.383088
49700 0 1.371788
49800 0 1.360491
49900 0 1.349199
