0 0 30.461911
100 0 30.460888
200 0 30.457820
300 0 30.452707
400 0 30.445547
500 0 30.436340
600 0 30.425084
700 0 30.411779
800 0 30.396423
900 0 30.379014
1000 0 30.359549
1100 0 30.338027
1200 0 30.314445
1300 0 30.288800
1400 0 30.261089
1500 0 30.231310
1600 0 30.199458
1700 0 30.165530
1800 0 30.129523
1900 0 30.091432
2000 0 30.051253
2100 0 30.008983
2200 0 29.964616
2300 0 29.918149
2400 0 29.869576
2500 0 29.818893
2600 0 29.766094
2700 0 29.711176
2800 0 29.654133
2900 0 29.594959
3000 0 29.533650
3100 0 29.470201
3200 0 29.404606
3300 0 29.336861
3400 0 29.266960
3500 0 29.194898
3600 0 29.120670
3700 0 29.044271
3800 0 28.965697
3900 0 28.884942
4000 0 28.802003
4100 0 28.716875
4200 0 28.629553
4300 0 28.540035
4400 0 28.448315
4500 0 28.354391
4600 0 28.258260
4700 0 28.159920
4800 0 28.059366
4900 0 27.956598
5000 0 27.851615
5100 0 27.744414
5200 0 27.634995
5300 0 27.523359
5400 0 27.409505
5500 0 27.293434
5600 0 27.175149
5700 0 27.054651
5800 0 26.931944
5900 0 26.807031
6000 0 26.679916
6100 0 26.550606
6200 0 26.419105
6300 0 26.285422
6400 0 26.149564
6500 0 26.011539
6600 0 25.871358
6700 0 25.729032
6800 0 25.584573
6900 0 25.437993
7000 0 25.289307
7100 0 25.138531
7200 0 24.985682
7300 0 24.830777
7400 0 24.673835
7500 0 24.514878
7600 0 24.353928
7700 0 24.191007
7800 0 24.026142
7900 0 23.859359
8000 0 23.690685
8100 0 23.520150
8200 0 23.347786
8300 0 23.173625
8400 0 22.997701
8500 0 22.820052
8600 0 22.640714
8700 0 22.459727
8800 0 22.277132
8900 0 22.092973
9000 0 21.907293
9100 0 21.720139
9200 0 21.531559
9300 0 21.341602
9400 0 21.150320
9500 0 20.957766
9600 0 20.763995
9700 0 20.569062
9800 0 20.373026
9900 0 20.175945
10000 0 19.977881
10100 0 19.778895
10200 0 19.579050
10300 0 19.378413
10400 0 19.177047
10500 0 18.975022
10600 0 18.772404
10700 0 18.569262
10800 0 18.365667
10900 0 18.161690
11000 0 17.957401
11100 0 17.752873
11200 0 17.548178
11300 0 17.343388
11400 0 17.138578
11500 0 16.933819
11600 0 16.729185
11700 0 16.524749
11800 0 16.320584
11900 0 16.116761
12000 0 15.913354
12100 0 15.710432
12200 0 15.508068
12300 0 15.306329
12400 0 15.105286
12500 0 14.905006
12600 0 14.705556
12700 0 14.507000
12800 0 14.309403
12900 0 14.112828
13000 0 13.917334
13100 0 13.722983
13200 0 13.529830
13300 0 13.337932
13400 0 13.147342
13500 0 12.958114
13600 0 12.770297
13700 0 12.583938
13800 0 12.399085
13900 0 12.215780
14000 0 12.034067
14100 0 11.853983
14200 0 11.675568
14300 0 11.498857
14400 0 11.323882
14500 0 11.150675
14600 0 10.979264
14700 0 10.809678
14800 0 10.641939
14900 0 10.476072
15000 0 10.312095
15100 0 10.150029
15200 0 9.989890
15300 0 9.831691
15400 0 9.675447
15500 0 9.521167
15600 0 9.368861
15700 0 9.218535
15800 0 9.070196
15900 0 8.923848
16000 0 8.779491
16100 0 8.637129
16200 0 8.496758
16300 0 8.358378
16400 0 8.221985
16500 0 8.087573
16600 0 7.955137
16700 0 7.824669
16800 0 7.696161
16900 0 7.569604
17000 0 7.444985
17100 0 7.322295
17200 0 7.201519
17300 0 7.082646
17400 0 6.965660
17500 0 6.850547
17600 0 6.737291
17700 0 6.625876
17800 0 6.516284
17900 0 6.408497
18000 0 6.302499
18100 0 6.198269
18200 0 6.095790
18300 0 5.995041
18400 0 5.896003
18500 0 5.798655
18600 0 5.702976
18700 0 5.608947
18800 0 5.516546
18900 0 5.425752
19000 0 5.336543
19100 0 5.248897
19200 0 5.162794
19300 0 5.078211
19400 0 4.995127
19500 0 4.913519
19600 0 4.833366
19700 0 4.754646
19800 0 4.677336
19900 0 4.601416
20000 0 4.526862
20100 0 4.453655
20200 0 4.381770
20300 0 4.311188
20400 0 4.241887
20500 0 4.173846
20600 0 4.107042
20700 0 4.041456
20800 0 3.977067
20900 0 3.913853
21000 0 3.851795
21100 0 3.790872
21200 0 3.731064
21300 0 3.672351
21400 0 3.614713
21500 0 3.558131
21600 0 3.502586
21700 0 3.448059
21800 0 3.394531
21900 0 3.341984
22000 0 3.290399
22100 0 3.239758
22200 0 3.190044
22300 0 3.141238
22400 0 3.093325
22500 0 3.046286
22600 0 3.000106
22700 0 2.954766
22800 0 2.910252
22900 0 2.866548
23000 0 2.823637
23100 0 2.781504
23200 0 2.740134
23300 0 2.699512
23400 0 2.659624
23500 0 2.620454
23600 0 2.581989
23700 0 2.544215
23800 0 2.507118
23900 0 2.470684
24000 0 2.434901
24100 0 2.399756
24200 0 2.365235
24300 0 2.331327
24400 0 2.298019
24500 0 2.265299
24600 0 2.233155
24700 0 2.201576
24800 0 2.170550
24900 0 2.140067
25000 0 2.110116
25100 0 2.080685
25200 0 2.051765
25300 0 2.023345
25400 0 1.995416
25500 0 1.967966
25600 0 1.940988
25700 0 1.914470
25800 0 1.888405
25900 0 1.862783
26000 0 1.837595
26100 0 1.812833
26200 0 1.788487
26300 0 1.764551
26400 0 1.741015
26500 0 1.717872
26600 0 1.695113
26700 0 1.672732
26800 0 1.650721
26900 0 1.629072
27000 0 1.607778
27100 0 1.586833
27200 0 1.566230
27300 0 1.545961
27400 0 1.526021
27500 0 1.506402
27600 0 1.487099
27700 0 1.468105
27800 0 1.449415
27900 0 1.431023
28000 0 1.412922
28100 0 1.395108
28200 0 1.377574
28300 0 1.360316
28400 0 1.343328
28500 0 1.326605
28600 0 1.310142
28700 0 1.293934
28800 0 1.277976
28900 0 1.262263
29000 0 1.246792
29100 0 1.231557
29200 0 1.216553
29300 0 1.201778
29400 0 1.187226
29500 0 1.172893
29600 0 1.158775
29700 0 1.144869
29800 0 1.131170
29900 0 1.117675
30000 0 1.104380
30100 0 1.091281
30200 0 1.078374
30300 0 1.065658
30400 0 1.053127
30500 0 1.040779
30600 0 1.028610
30700 0 1.016617
30800 0 1.004797
30900 0 0.993147
31000 0 0.981665
31100 0 0.970346
31200 0 0.959188
31300 0 0.948189
31400 0 0.937346
31500 0 0.926656
31600 0 0.916116
31700 0 0.905724
31800 0 0.895477
31900 0 0.885373
32000 0 0.875409
32100 0 0.865583
32200 0 0.855893
32300 0 0.846337
32400 0 0.836911
32500 0 0.827615
32600 0 0.818445
32700 0 0.809401
32800 0 0.800479
32900 0 0.791677
33000 0 0.782995
33100 0 0.774429
33200 0 0.765978
33300 0 0.757640
33400 0 0.749414
33500 0 0.741297
33600 0 0.733287
33700 0 0.725384
33800 0 0.717585
33900 0 0.709888
34000 0 0.702293
34100 0 0.694797
34200 0 0.687398
34300 0 0.680097
34400 0 0.672890
34500 0 0.665776
34600 0 0.658754
34700 0 0.651823
34800 0 0.644981
34900 0 0.638227
35000 0 0.631559
35100 0 0.624977
35200 0 0.618478
35300 0 0.612061
35400 0 0.605726
35500 0 0.599472
35600 0 0.593296
35700 0 0.587197
35800 0 0.581176
35900 0 0.575229
36000 0 0.569357
36100 0 0.563559
36200 0 0.557832
36300 0 0.552177
36400 0 0.546591
36500 0 0.541075
36600 0 0.535626
36700 0 0.530245
36800 0 0.524930
36900 0 0.519680
37000 0 0.514494
37100 0 0.509371
37200 0 0.504311
37300 0 0.499312
37400 0 0.494374
37500 0 0.489495
37600 0 0.484676
37700 0 0.479914
37800 0 0.475210
37900 0 0.470562
38000 0 0.465970
38100 0 0.461433
38200 0 0.456950
38300 0 0.452520
38400 0 0.448143
38500 0 0.443818
38600 0 0.439544
38700 0 0.435321
38800 0 0.431147
38900 0 0.427023
39000 0 0.422947
39100 0 0.418918
39200 0 0.414937
39300 0 0.411003
39400 0 0.407114
39500 0 0.403270
39600 0 0.399472
39700 0 0.395717
39800 0 0.392005
39900 0 0.388337
40000 0 0.384711
40100 0 0.381126
40200 0 0.377583
40300 0 0.374081
40400 0 0.370618
40500 0 0.367195
40600 0 0.363811
40700 0 0.360466
40800 0 0.357159
40900 0 0.353889
41000 0 0.350656
41100 0 0.347460
41200 0 0.344300
41300 0 0.341176
41400 0 0.338087
41500 0 0.335032
41600 0 0.332012
41700 0 0.329025
41800 0 0.326072
41900 0 0.323152
42000 0 0.320264
42100 0 0.317408
42200 0 0.314584
42300 0 0.311792
42400 0 0.309030
42500 0 0.306299
42600 0 0.303598
42700 0 0.300926
42800 0 0.298284
42900 0 0.295671
43000 0 0.293087
43100 0 0.290530
43200 0 0.288002
43300 0 0.285501
43400 0 0.283028
43500 0 0.280581
43600 0 0.278161
43700 0 0.275767
43800 0 0.273398
43900 0 0.271056
44000 0 0.268738
44100 0 0.266446
44200 0 0.264178
44300 0 0.261934
44400 0 0.259715
44500 0 0.257519
44600 0 0.255347
44700 0 0.253197
44800 0 0.251071
44900 0 0.248967
45000 0 0.246885
45100 0 0.244825
45200 0 0.242787
45300 0 0.240771
45400 0 0.238776
45500 0 0.236802
45600 0 0.234848
45700 0 0.232915
45800 0 0.231002
45900 0 0.229109
46000 0 0.227236
46100 0 0.225382
46200 0 0.223548
46300 0 0.221732
46400 0 0.219936
46500 0 0.218157
46600 0 0.216398
46700 0 0.214656
46800 0 0.212932
46900 0 0.211226
47000 0 0.209538
47100 0 0.207866
47200 0 0.206212
47300 0 0.204575
47400 0 0.202954
47500 0 0.201350
47600 0 0.199762
47700 0 0.198190
47800 0 0.196635
47900 0 0.195094
48000 0 0.193570
48100 0 0.192060
48200 0 0.190566
48300 0 0.189087
48400 0 0.187623
48500 0 0.186173
48600 0 0.184738
48700 0 0.183317
48800 0 0.181910
48900 0 0.180517
49000 0 0.179138
49100 0 0.177773
49200 0 0.176421
49300 0 0.175083
49400 0 0.173757
49500 0 0.172445
49600 0 0.171146
49700 0 0.169859
49800 0 0.168585
49900 0 0.167323
