0 0 8.833388
100 0 8.833210
200 0 8.832679
300 0 8.831793
400 0 8.830553
500 0 8.828960
600 0 8.827012
700 0 8.824711
800 0 8.822057
900 0 8.819050
1000 0 8.815691
1100 0 8.811980
1200 0 8.807918
1300 0 8.803504
1400 0 8.798741
1500 0 8.793628
1600 0 8.788167
1700 0 8.782357
1800 0 8.776200
1900 0 8.769697
2000 0 8.762849
2100 0 8.755656
2200 0 8.748119
2300 0 8.740240
2400 0 8.732020
2500 0 8.723459
2600 0 8.714560
2700 0 8.705323
2800 0 8.695749
2900 0 8.685841
3000 0 8.675598
3100 0 8.665023
3200 0 8.654118
3300 0 8.642883
3400 0 8.631320
3500 0 8.619432
3600 0 8.607218
3700 0 8.594682
3800 0 8.581825
3900 0 8.568649
4000 0 8.555155
4100 0 8.541346
4200 0 8.527223
4300 0 8.512788
4400 0 8.498044
4500 0 8.482992
4600 0 8.467635
4700 0 8.451974
4800 0 8.436012
4900 0 8.419750
5000 0 8.403192
5100 0 8.386340
5200 0 8.369195
5300 0 8.351760
5400 0 8.334038
5500 0 8.316031
5600 0 8.297741
5700 0 8.279171
5800 0 8.260323
5900 0 8.241201
6000 0 8.221806
6100 0 8.202142
6200 0 8.182211
6300 0 8.162015
6400 0 8.141558
6500 0 8.120842
6600 0 8.099870
6700 0 8.078644
6800 0 8.057169
6900 0 8.035446
7000 0 8.013479
7100 0 7.991270
7200 0 7.968822
7300 0 7.946139
7400 0 7.923224
7500 0 7.900079
7600 0 7.876707
7700 0 7.853113
7800 0 7.829298
7900 0 7.805266
8000 0 7.781020
8100 0 7.756564
8200 0 7.731900
8300 0 7.707032
8400 0 7.681963
8500 0 7.656696
8600 0 7.631235
8700 0 7.605582
8800 0 7.579742
8900 0 7.553717
9000 0 7.527511
9100 0 7.501127
9200 0 7.474569
9300 0 7.447839
9400 0 7.420942
9500 0 7.393881
9600 0 7.366658
9700 0 7.339278
9800 0 7.311744
9900 0 7.284059
10000 0 7.256227
10100 0 7.228251
10200 0 7.200134
10300 0 7.171881
10400 0 7.143494
10500 0 7.114977
10600 0 7.086333
10700 0 7.057566
10800 0 7.028679
10900 0 6.999676
11000 0 6.970560
11100 0 6.941335
11200 0 6.912003
11300 0 6.882569
11400 0 6.853035
11500 0 6.823406
11600 0 6.793684
11700 0 6.763873
11800 0 6.733976
11900 0 6.703997
12000 0 6.673939
12100 0 6.643805
12200 0 6.613599
12300 0 6.583324
12400 0 6.552984
12500 0 6.522581
12600 0 6.492118
12700 0 6.461600
12800 0 6.431030
12900 0 6.400410
13000 0 6.369743
13100 0 6.339034
13200 0 6.308285
13300 0 6.277499
13400 0 6.246679
13500 0 6.215829
13600 0 6.184952
13700 0 6.154050
13800 0 6.123127
13900 0 6.092185
14000 0 6.061229
14100 0 6.030259
14200 0 5.999281
14300 0 5.968296
14400 0 5.937307
14500 0 5.906317
14600 0 5.875330
14700 0 5.844347
14800 0 5.813372
14900 0 5.782407
15000 0 5.751456
15100 0 5.720520
15200 0 5.689602
15300 0 5.658706
15400 0 5.627833
15500 0 5.596986
15600 0 5.566168
15700 0 5.535381
15800 0 5.504628
15900 0 5.473911
16000 0 5.443233
16100 0 5.412596
16200 0 5.382001
16300 0 5.351453
16400 0 5.320952
16500 0 5.290501
16600 0 5.260102
16700 0 5.229758
16800 0 5.199471
16900 0 5.169242
17000 0 5.139074
17100 0 5.108968
17200 0 5.078928
17300 0 5.048954
17400 0 5.019049
17500 0 4.989215
17600 0 4.959453
17700 0 4.929766
17800 0 4.900154
17900 0 4.870621
18000 0 4.841167
18100 0 4.811794
18200 0 4.782504
18300 0 4.753299
18400 0 4.724180
18500 0 4.695149
18600 0 4.666208
18700 0 4.637357
18800 0 4.608598
18900 0 4.579933
19000 0 4.551363
19100 0 4.522889
19200 0 4.494514
19300 0 4.466237
19400 0 4.438060
19500 0 4.409986
19600 0 4.382014
19700 0 4.354146
19800 0 4.326383
19900 0 4.298726
20000 0 4.271176
20100 0 4.243735
20200 0 4.216403
20300 0 4.189182
20400 0 4.162071
20500 0 4.135073
20600 0 4.108188
20700 0 4.081417
20800 0 4.054761
20900 0 4.028220
21000 0 4.001796
21100 0 3.975489
21200 0 3.949299
21300 0 3.923229
21400 0 3.897277
21500 0 3.871445
21600 0 3.845734
21700 0 3.820144
21800 0 3.794676
21900 0 3.769330
22000 0 3.744106
22100 0 3.719006
22200 0 3.694029
22300 0 3.669177
22400 0 3.644449
22500 0 3.619846
22600 0 3.595368
22700 0 3.571016
22800 0 3.546790
22900 0 3.522690
23000 0 3.498716
23100 0 3.474870
23200 0 3.451150
23300 0 3.427558
23400 0 3.404093
23500 0 3.380756
23600 0 3.357547
23700 0 3.334465
23800 0 3.311512
23900 0 3.288687
24000 0 3.265990
24100 0 3.243421
24200 0 3.220981
24300 0 3.198669
24400 0 3.176485
24500 0 3.154430
24600 0 3.132503
24700 0 3.110705
24800 0 3.089035
24900 0 3.067492
25000 0 3.046079
25100 0 3.024793
25200 0 3.003634
25300 0 2.982604
25400 0 2.961701
25500 0 2.940926
25600 0 2.920278
25700 0 2.899757
25800 0 2.879363
25900 0 2.859096
26000 0 2.838955
26100 0 2.818941
26200 0 2.799052
26300 0 2.779289
26400 0 2.759652
26500 0 2.740140
26600 0 2.720752
26700 0 2.701489
26800 0 2.682351
26900 0 2.663336
27000 0 2.644445
27100 0 2.625677
27200 0 2.607032
27300 0 2.588510
27400 0 2.570110
27500 0 2.551832
27600 0 2.533675
27700 0 2.515639
27800 0 2.497724
27900 0 2.479929
28000 0 2.462253
28100 0 2.444697
28200 0 2.427260
28300 0 2.409942
28400 0 2.392741
28500 0 2.375659
28600 0 2.358693
28700 0 2.341844
28800 0 2.325111
28900 0 2.308494
29000 0 2.291992
29100 0 2.275605
29200 0 2.259332
29300 0 2.243173
29400 0 2.227127
29500 0 2.211194
29600 0 2.195374
29700 0 2.179665
29800 0 2.164067
29900 0 2.148580
30000 0 2.133203
30100 0 2.117936
30200 0 2.102777
30300 0 2.087728
30400 0 2.072786
30500 0 2.057952
30600 0 2.043225
30700 0 2.028605
30800 0 2.014090
30900 0 1.999681
31000 0 1.985376
31100 0 1.971175
31200 0 1.957079
31300 0 1.943085
31400 0 1.929194
31500 0 1.915404
31600 0 1.901716
31700 0 1.888129
31800 0 1.874643
31900 0 1.861255
32000 0 1.847967
32100 0 1.834778
32200 0 1.821687
32300 0 1.808693
32400 0 1.795795
32500 0 1.782994
32600 0 1.770289
32700 0 1.757679
32800 0 1.745163
32900 0 1.732742
33000 0 1.720413
33100 0 1.708178
33200 0 1.696034
33300 0 1.683983
33400 0 1.672022
33500 0 1.660152
33600 0 1.648372
33700 0 1.636682
33800 0 1.625080
33900 0 1.613566
34000 0 1.602140
34100 0 1.590801
34200 0 1.579549
34300 0 1.568383
34400 0 1.557301
34500 0 1.546305
34600 0 1.535393
34700 0 1.524565
34800 0 1.513820
34900 0 1.503157
35000 0 1.492576
35100 0 1.482077
35200 0 1.471659
35300 0 1.461321
35400 0 1.451063
35500 0 1.440884
35600 0 1.430783
35700 0 1.420761
35800 0 1.410817
35900 0 1.400949
36000 0 1.391158
36100 0 1.381443
36200 0 1.371803
36300 0 1.362238
36400 0 1.352748
36500 0 1.343331
36600 0 1.333987
36700 0 1.324717
36800 0 1.315518
36900 0 1.306391
37000 0 1.297335
37100 0 1.288350
37200 0 1.279435
37300 0 1.270590
37400 0 1.261814
37500 0 1.253106
37600 0 1.244466
37700 0 1.235894
37800 0 1.227389
37900 0 1.218950
38000 0 1.210578
38100 0 1.202271
38200 0 1.194029
38300 0 1.185852
38400 0 1.177738
38500 0 1.169689
38600 0 1.161702
38700 0 1.153778
38800 0 1.145916
38900 0 1.138116
39000 0 1.130377
39100 0 1.122698
39200 0 1.115080
39300 0 1.107522
39400 0 1.100023
39500 0 1.092582
39600 0 1.085200
39700 0 1.077876
39800 0 1.070610
39900 0 1.063400
40000 0 1.056247
40100 0 1.049151
40200 0 1.042109
40300 0 1.035124
40400 0 1.028192
40500 0 1.021316
40600 0 1.014493
40700 0 1.007723
40800 0 1.001007
40900 0 0.994343
41000 0 0.987732
41100 0 0.981172
41200 0 0.974664
41300 0 0.968207
41400 0 0.961800
41500 0 0.955443
41600 0 0.949137
41700 0 0.942879
41800 0 0.936670
41900 0 0.930510
42000 0 0.924398
42100 0 0.918334
42200 0 0.912317
42300 0 0.906348
42400 0 0.900424
42500 0 0.894547
42600 0 0.888716
42700 0 0.882930
42800 0 0.877190
42900 0 0.871494
43000 0 0.865842
43100 0 0.860234
43200 0 0.854670
43300 0 0.849150
43400 0 0.843672
43500 0 0.838236
43600 0 0.832843
43700 0 0.827492
43800 0 0.822182
43900 0 0.816913
44000 0 0.811685
44100 0 0.806498
44200 0 0.801350
44300 0 0.796243
44400 0 0.791174
44500 0 0.786145
44600 0 0.781155
44700 0 0.776203
44800 0 0.771290
44900 0 0.766414
45000 0 0.761576
45100 0 0.756774
45200 0 0.752010
45300 0 0.747283
45400 0 0.742591
45500 0 0.737936
45600 0 0.733316
45700 0 0.728731
45800 0 0.724182
45900 0 0.719667
46000 0 0.715187
46100 0 0.710741
46200 0 0.706329
46300 0 0.701951
46400 0 0.697605
46500 0 0.693293
46600 0 0.689014
46700 0 0.684767
46800 0 0.680552
46900 0 0.676369
47000 0 0.672218
47100 0 0.668098
47200 0 0.664009
47300 0 0.659952
47400 0 0.655924
47500 0 0.651928
47600 0 0.647961
47700 0 0.644024
47800 0 0.640116
47900 0 0.636238
48000 0 0.632389
48100 0 0.628569
48200 0 0.624777
48300 0 0.621014
48400 0 0.617279
48500 0 0.613571
48600 0 0.609892
48700 0 0.606239
48800 0 0.602614
48900 0 0.599016
49000 0 0.595444
49100 0 0.591899
49200 0 0.588380
49300 0 0.584887
49400 0 0.581420
49500 0 0.577979
49600 0 0.574563
49700 0 0.571171
49800 0 0.567805
49900 0 0.564464
