0 0 26.796281
100 0 26.795349
200 0 26.792556
300 0 26.787901
400 0 26.781384
500 0 26.773004
600 0 26.762762
700 0 26.750657
800 0 26.736690
900 0 26.720859
1000 0 26.703166
1100 0 26.683610
1200 0 26.662190
1300 0 26.638907
1400 0 26.613760
1500 0 26.586749
1600 0 26.557874
1700 0 26.527135
1800 0 26.494532
1900 0 26.460064
2000 0 26.423731
2100 0 26.385534
2200 0 26.345472
2300 0 26.303546
2400 0 26.259756
2500 0 26.214101
2600 0 26.166583
2700 0 26.117201
2800 0 26.065957
2900 0 26.012850
3000 0 25.957881
3100 0 25.901052
3200 0 25.842363
3300 0 25.781815
3400 0 25.719410
3500 0 25.655149
3600 0 25.589034
3700 0 25.521067
3800 0 25.451250
3900 0 25.379585
4000 0 25.306074
4100 0 25.230721
4200 0 25.153529
4300 0 25.074501
4400 0 24.993641
4500 0 24.910952
4600 0 24.826440
4700 0 24.740108
4800 0 24.651963
4900 0 24.562008
5000 0 24.470251
5100 0 24.376697
5200 0 24.281353
5300 0 24.184226
5400 0 24.085324
5500 0 23.984656
5600 0 23.882229
5700 0 23.778052
5800 0 23.672136
5900 0 23.564491
6000 0 23.455127
6100 0 23.344056
6200 0 23.231290
6300 0 23.116842
6400 0 23.000726
6500 0 22.882954
6600 0 22.763542
6700 0 22.642505
6800 0 22.519860
6900 0 22.395623
7000 0 22.269812
7100 0 22.142446
7200 0 22.013543
7300 0 21.883124
7400 0 21.751210
7500 0 21.617821
7600 0 21.482982
7700 0 21.346715
7800 0 21.209045
7900 0 21.069996
8000 0 20.929595
8100 0 20.787868
8200 0 20.644844
8300 0 20.500551
8400 0 20.355019
8500 0 20.208278
8600 0 20.060359
8700 0 19.911295
8800 0 19.761120
8900 0 19.609866
9000 0 19.457570
9100 0 19.304266
9200 0 19.149992
9300 0 18.994785
9400 0 18.838683
9500 0 18.681725
9600 0 18.523951
9700 0 18.365401
9800 0 18.206117
9900 0 18.046142
10000 0 17.885516
10100 0 17.724284
10200 0 17.562489
10300 0 17.400176
10400 0 17.237390
10500 0 17.074175
10600 0 16.910577
10700 0 16.746644
10800 0 16.582420
10900 0 16.417952
11000 0 16.253288
11100 0 16.088474
11200 0 15.923558
11300 0 15.758586
11400 0 15.593607
11500 0 15.428666
11600 0 15.263811
11700 0 15.099090
11800 0 14.934547
11900 0 14.770231
12000 0 14.606187
12100 0 14.442460
12200 0 14.279095
12300 0 14.116139
12400 0 13.953633
12500 0 13.791623
12600 0 13.630150
12700 0 13.469258
12800 0 13.308987
12900 0 13.149378
13000 0 12.990471
13100 0 12.832305
13200 0 12.674917
13300 0 12.518346
13400 0 12.362626
13500 0 12.207793
13600 0 12.053881
13700 0 11.900922
13800 0 11.748949
13900 0 11.597993
14000 0 11.448082
14100 0 11.299245
14200 0 11.151510
14300 0 11.004902
14400 0 10.859447
14500 0 10.715167
14600 0 10.572087
14700 0 10.430226
14800 0 10.289605
14900 0 10.150243
15000 0 10.012158
15100 0 9.875366
15200 0 9.739882
15300 0 9.605722
15400 0 9.472898
15500 0 9.341422
15600 0 9.211305
15700 0 9.082557
15800 0 8.955186
15900 0 8.829201
16000 0 8.704609
16100 0 8.581414
16200 0 8.459622
16300 0 8.339237
16400 0 8.220261
16500 0 8.102697
16600 0 7.986545
16700 0 7.871807
16800 0 7.758481
16900 0 7.646566
17000 0 7.536061
17100 0 7.426962
17200 0 7.319266
17300 0 7.212969
17400 0 7.108066
17500 0 7.004552
17600 0 6.902420
17700 0 6.801665
17800 0 6.702279
17900 0 6.604255
18000 0 6.507584
18100 0 6.412259
18200 0 6.318269
18300 0 6.225606
18400 0 6.134260
18500 0 6.044220
18600 0 5.955477
18700 0 5.868019
18800 0 5.781835
18900 0 5.696914
19000 0 5.613245
19100 0 5.530815
19200 0 5.449612
19300 0 5.369624
19400 0 5.290839
19500 0 5.213243
19600 0 5.136824
19700 0 5.061569
19800 0 4.987465
19900 0 4.914498
20000 0 4.842656
20100 0 4.771924
20200 0 4.702290
20300 0 4.633740
20400 0 4.566261
20500 0 4.499838
20600 0 4.434458
20700 0 4.370109
20800 0 4.306775
20900 0 4.244443
21000 0 4.183100
21100 0 4.122733
21200 0 4.063327
21300 0 4.004869
21400 0 3.947346
21500 0 3.890745
21600 0 3.835051
21700 0 3.780252
21800 0 3.726335
21900 0 3.673287
22000 0 3.621094
22100 0 3.569744
22200 0 3.519224
22300 0 3.469521
22400 0 3.420622
22500 0 3.372515
22600 0 3.325188
22700 0 3.278629
22800 0 3.232824
22900 0 3.187763
23000 0 3.143433
23100 0 3.099823
23200 0 3.056920
23300 0 3.014714
23400 0 2.973193
23500 0 2.932345
23600 0 2.892160
23700 0 2.852627
23800 0 2.813734
23900 0 2.775471
24000 0 2.737828
24100 0 2.700794
24200 0 2.664358
24300 0 2.628511
24400 0 2.593243
24500 0 2.558543
24600 0 2.524402
24700 0 2.490811
24800 0 2.457759
24900 0 2.425238
25000 0 2.393238
25100 0 2.361751
25200 0 2.330767
25300 0 2.300278
25400 0 2.270275
25500 0 2.240749
25600 0 2.211693
25700 0 2.183098
25800 0 2.154956
25900 0 2.127258
26000 0 2.099998
26100 0 2.073167
26200 0 2.046758
26300 0 2.020763
26400 0 1.995175
26500 0 1.969988
26600 0 1.945193
26700 0 1.920784
26800 0 1.896753
26900 0 1.873096
27000 0 1.849804
27100 0 1.826871
27200 0 1.804291
27300 0 1.782057
27400 0 1.760164
27500 0 1.738606
27600 0 1.717376
27700 0 1.696469
27800 0 1.675878
27900 0 1.655599
28000 0 1.635626
28100 0 1.615954
28200 0 1.596576
28300 0 1.577489
28400 0 1.558686
28500 0 1.540163
28600 0 1.521915
28700 0 1.503937
28800 0 1.486225
28900 0 1.468773
29000 0 1.451577
29100 0 1.434633
29200 0 1.417936
29300 0 1.401483
29400 0 1.385267
29500 0 1.369287
29600 0 1.353537
29700 0 1.338013
29800 0 1.322712
29900 0 1.307630
30000 0 1.292762
30100 0 1.278106
30200 0 1.263658
30300 0 1.249414
30400 0 1.235370
30500 0 1.221524
30600 0 1.207871
30700 0 1.194409
30800 0 1.181134
30900 0 1.168043
31000 0 1.155134
31100 0 1.142402
31200 0 1.129845
31300 0 1.117461
31400 0 1.105246
31500 0 1.093197
31600 0 1.081311
31700 0 1.069587
31800 0 1.058021
31900 0 1.046610
32000 0 1.035353
32100 0 1.024246
32200 0 1.013287
32300 0 1.002474
32400 0 0.991804
32500 0 0.981276
32600 0 0.970886
32700 0 0.960632
32800 0 0.950513
32900 0 0.940526
33000 0 0.930669
33100 0 0.920940
33200 0 0.911337
33300 0 0.901857
33400 0 0.892500
33500 0 0.883263
33600 0 0.874144
33700 0 0.865141
33800 0 0.856253
33900 0 0.847478
34000 0 0.838814
34100 0 0.830259
34200 0 0.821811
34300 0 0.813469
34400 0 0.805232
34500 0 0.797098
34600 0 0.789064
34700 0 0.781131
34800 0 0.773295
34900 0 0.765556
35000 0 0.757912
35100 0 0.750362
35200 0 0.742905
35300 0 0.735538
35400 0 0.728261
35500 0 0.721073
35600 0 0.713971
35700 0 0.706956
35800 0 0.700024
35900 0 0.693176
36000 0 0.686410
36100 0 0.679725
36200 0 0.673120
36300 0 0.666593
36400 0 0.660143
36500 0 0.653770
36600 0 0.647472
36700 0 0.641249
36800 0 0.635098
36900 0 0.629019
37000 0 0.623012
37100 0 0.617074
37200 0 0.611206
37300 0 0.605406
37400 0 0.599672
37500 0 0.594006
37600 0 0.588404
37700 0 0.582867
37800 0 0.577393
37900 0 0.571982
38000 0 0.566633
38100 0 0.561345
38200 0 0.556117
38300 0 0.550948
38400 0 0.545838
38500 0 0.540785
38600 0 0.535789
38700 0 0.530850
38800 0 0.525966
38900 0 0.521137
39000 0 0.516361
39100 0 0.511639
39200 0 0.506970
39300 0 0.502352
39400 0 0.497786
39500 0 0.493270
39600 0 0.488803
39700 0 0.484387
39800 0 0.480018
39900 0 0.475698
40000 0 0.471425
40100 0 0.467198
40200 0 0.463018
40300 0 0.458883
40400 0 0.454793
40500 0 0.450748
40600 0 0.446746
40700 0 0.442787
40800 0 0.438872
40900 0 0.434998
41000 0 0.431166
41100 0 0.427375
41200 0 0.423624
41300 0 0.419914
41400 0 0.416243
41500 0 0.412612
41600 0 0.409019
41700 0 0.405464
41800 0 0.401946
41900 0 0.398466
42000 0 0.395023
42100 0 0.391616
42200 0 0.388244
42300 0 0.384908
42400 0 0.381607
42500 0 0.378341
42600 0 0.375109
42700 0 0.371910
42800 0 0.368745
42900 0 0.365612
43000 0 0.362512
43100 0 0.359444
43200 0 0.356408
43300 0 0.353404
43400 0 0.350430
43500 0 0.347486
43600 0 0.344573
43700 0 0.341690
43800 0 0.338837
43900 0 0.336012
44000 0 0.333217
44100 0 0.330449
44200 0 0.327710
44300 0 0.324999
44400 0 0.322316
44500 0 0.319659
44600 0 0.317029
44700 0 0.314426
44800 0 0.311849
44900 0 0.309299
45000 0 0.306773
45100 0 0.304273
45200 0 0.301798
45300 0 0.299348
45400 0 0.296922
45500 0 0.294521
45600 0 0.292143
45700 0 0.289789
45800 0 0.287458
45900 0 0.285151
46000 0 0.282866
46100 0 0.280604
46200 0 0.278364
46300 0 0.276146
46400 0 0.273950
46500 0 0.271776
46600 0 0.269623
46700 0 0.267491
46800 0 0.265380
46900 0 0.263289
47000 0 0.261219
47100 0 0.259169
47200 0 0.257139
47300 0 0.255129
47400 0 0.253138
47500 0 0.251166
47600 0 0.249213
47700 0 0.247280
47800 0 0.245365
47900 0 0.243468
48000 0 0.241589
48100 0 0.239729
48200 0 0.237886
48300 0 0.236061
48400 0 0.234254
48500 0 0.232464
48600 0 0.230690
48700 0 0.228934
48800 0 0.227194
48900 0 0.225471
49000 0 0.223764
49100 0 0.222073
49200 0 0.220398
49300 0 0.218739
49400 0 0.217096
49500 0 0.215468
49600 0 0.213855
49700 0 0.212258
49800 0 0.210675
49900 0 0.209108
