0 0 19.706780
100 0 19.706133
200 0 19.704192
300 0 19.700959
400 0 19.696432
500 0 19.690612
600 0 19.683501
700 0 19.675099
800 0 19.665406
900 0 19.654424
1000 0 19.642155
1100 0 19.628598
1200 0 19.613757
1300 0 19.597632
1400 0 19.580226
1500 0 19.561540
1600 0 19.541577
1700 0 19.520338
1800 0 19.497826
1900 0 19.474044
2000 0 19.448995
2100 0 19.422680
2200 0 19.395104
2300 0 19.366270
2400 0 19.336181
2500 0 19.304839
2600 0 19.272250
2700 0 19.238418
2800 0 19.203345
2900 0 19.167036
3000 0 19.129497
3100 0 19.090730
3200 0 19.050742
3300 0 19.009537
3400 0 18.967120
3500 0 18.923496
3600 0 18.878672
3700 0 18.832653
3800 0 18.785444
3900 0 18.737053
4000 0 18.687484
4100 0 18.636746
4200 0 18.584844
4300 0 18.531786
4400 0 18.477579
4500 0 18.422230
4600 0 18.365747
4700 0 18.308138
4800 0 18.249411
4900 0 18.189575
5000 0 18.128637
5100 0 18.066607
5200 0 18.003494
5300 0 17.939308
5400 0 17.874056
5500 0 17.807751
5600 0 17.740401
5700 0 17.672017
5800 0 17.602610
5900 0 17.532190
6000 0 17.460768
6100 0 17.388357
6200 0 17.314967
6300 0 17.240610
6400 0 17.165299
6500 0 17.089045
6600 0 17.011863
6700 0 16.933764
6800 0 16.854761
6900 0 16.774870
7000 0 16.694102
7100 0 16.612472
7200 0 16.529995
7300 0 16.446685
7400 0 16.362556
7500 0 16.277625
7600 0 16.191906
7700 0 16.105414
7800 0 16.018167
7900 0 15.930180
8000 0 15.841468
8100 0 15.752050
8200 0 15.661941
8300 0 15.571160
8400 0 15.479722
8500 0 15.387646
8600 0 15.294950
8700 0 15.201651
8800 0 15.107769
8900 0 15.013320
9000 0 14.918324
9100 0 14.822799
9200 0 14.726765
9300 0 14.630241
9400 0 14.533246
9500 0 14.435799
9600 0 14.337920
9700 0 14.239630
9800 0 14.140946
9900 0 14.041891
10000 0 13.942483
10100 0 13.842743
10200 0 13.742691
10300 0 13.642348
10400 0 13.541734
10500 0 13.440869
10600 0 13.339774
10700 0 13.238470
10800 0 13.136976
10900 0 13.035314
11000 0 12.933503
11100 0 12.831565
11200 0 12.729520
11300 0 12.627388
11400 0 12.525190
11500 0 12.422945
11600 0 12.320674
11700 0 12.218397
11800 0 12.116133
11900 0 12.013904
12000 0 11.911727
12100 0 11.809624
12200 0 11.707612
12300 0 11.605712
12400 0 11.503941
12500 0 11.402320
12600 0 11.300866
12700 0 11.199598
12800 0 11.098533
12900 0 10.997690
13000 0 10.897087
13100 0 10.796740
13200 0 10.696666
13300 0 10.596883
13400 0 10.497406
13500 0 10.398252
13600 0 10.299437
13700 0 10.200975
13800 0 10.102883
13900 0 10.005176
14000 0 9.907867
14100 0 9.810970
14200 0 9.714501
14300 0 9.618471
14400 0 9.522895
14500 0 9.427785
14600 0 9.333153
14700 0 9.239011
14800 0 9.145372
14900 0 9.052245
15000 0 8.959643
15100 0 8.867575
15200 0 8.776053
15300 0 8.685085
15400 0 8.594681
15500 0 8.504850
15600 0 8.415600
15700 0 8.326941
15800 0 8.238879
15900 0 8.151423
16000 0 8.064579
16100 0 7.978355
16200 0 7.892757
16300 0 7.807790
16400 0 7.723461
16500 0 7.639776
16600 0 7.556738
16700 0 7.474353
16800 0 7.392626
16900 0 7.311560
17000 0 7.231158
17100 0 7.151426
17200 0 7.072364
17300 0 6.993977
17400 0 6.916267
17500 0 6.839236
17600 0 6.762886
17700 0 6.687218
17800 0 6.612234
17900 0 6.537935
18000 0 6.464322
18100 0 6.391395
18200 0 6.319155
18300 0 6.247602
18400 0 6.176735
18500 0 6.106554
18600 0 6.037058
18700 0 5.968247
18800 0 5.900120
18900 0 5.832675
19000 0 5.765910
19100 0 5.699825
19200 0 5.634417
19300 0 5.569685
19400 0 5.505625
19500 0 5.442236
19600 0 5.379515
19700 0 5.317460
19800 0 5.256067
19900 0 5.195334
20000 0 5.135258
20100 0 5.075835
20200 0 5.017062
20300 0 4.958935
20400 0 4.901451
20500 0 4.844606
20600 0 4.788396
20700 0 4.732818
20800 0 4.677867
20900 0 4.623539
21000 0 4.569830
21100 0 4.516736
21200 0 4.464252
21300 0 4.412375
21400 0 4.361098
21500 0 4.310419
21600 0 4.260331
21700 0 4.210832
21800 0 4.161915
21900 0 4.113576
22000 0 4.065810
22100 0 4.018613
22200 0 3.971979
22300 0 3.925904
22400 0 3.880382
22500 0 3.835409
22600 0 3.790979
22700 0 3.747088
22800 0 3.703730
22900 0 3.660901
23000 0 3.618594
23100 0 3.576806
23200 0 3.535531
23300 0 3.494764
23400 0 3.454500
23500 0 3.414733
23600 0 3.375459
23700 0 3.336673
23800 0 3.298369
23900 0 3.260542
24000 0 3.223187
24100 0 3.186299
24200 0 3.149873
24300 0 3.113904
24400 0 3.078386
24500 0 3.043316
24600 0 3.008688
24700 0 2.974496
24800 0 2.940736
24900 0 2.907403
25000 0 2.874492
25100 0 2.841998
25200 0 2.809916
25300 0 2.778242
25400 0 2.746970
25500 0 2.716096
25600 0 2.685615
25700 0 2.655522
25800 0 2.625812
25900 0 2.596482
26000 0 2.567526
26100 0 2.538940
26200 0 2.510718
26300 0 2.482858
26400 0 2.455353
26500 0 2.428201
26600 0 2.401395
26700 0 2.374932
26800 0 2.348808
26900 0 2.323018
27000 0 2.297558
27100 0 2.272424
27200 0 2.247611
27300 0 2.223116
27400 0 2.198934
27500 0 2.175061
27600 0 2.151493
27700 0 2.128227
27800 0 2.105258
27900 0 2.082582
28000 0 2.060195
28100 0 2.038095
28200 0 2.016276
28300 0 1.994735
28400 0 1.973469
28500 0 1.952473
28600 0 1.931745
28700 0 1.911280
28800 0 1.891075
28900 0 1.871126
29000 0 1.851431
29100 0 1.831985
29200 0 1.812786
29300 0 1.793829
29400 0 1.775112
29500 0 1.756631
29600 0 1.738383
29700 0 1.720366
29800 0 1.702574
29900 0 1.685007
30000 0 1.667660
30100 0 1.650531
30200 0 1.633616
30300 0 1.616913
30400 0 1.600418
30500 0 1.584130
30600 0 1.568044
30700 0 1.552159
30800 0 1.536470
30900 0 1.520977
31000 0 1.505675
31100 0 1.490563
31200 0 1.475637
31300 0 1.460896
31400 0 1.446336
31500 0 1.431955
31600 0 1.417750
31700 0 1.403719
31800 0 1.389860
31900 0 1.376171
32000 0 1.362648
32100 0 1.349290
32200 0 1.336094
32300 0 1.323058
32400 0 1.310180
32500 0 1.297457
32600 0 1.284888
32700 0 1.272470
32800 0 1.260201
32900 0 1.248079
33000 0 1.236103
33100 0 1.224269
33200 0 1.212577
33300 0 1.201023
33400 0 1.189607
33500 0 1.178326
33600 0 1.167178
33700 0 1.156162
33800 0 1.145276
33900 0 1.134517
34000 0 1.123885
34100 0 1.113377
34200 0 1.102992
34300 0 1.092727
34400 0 1.082582
34500 0 1.072555
34600 0 1.062644
34700 0 1.052847
34800 0 1.043163
34900 0 1.033591
35000 0 1.024128
35100 0 1.014773
35200 0 1.005526
35300 0 0.996383
35400 0 0.987345
35500 0 0.978409
35600 0 0.969575
35700 0 0.960840
35800 0 0.952203
35900 0 0.943663
36000 0 0.935220
36100 0 0.926870
36200 0 0.918614
36300 0 0.910450
36400 0 0.902376
36500 0 0.894392
36600 0 0.886496
36700 0 0.878688
36800 0 0.870965
36900 0 0.863327
37000 0 0.855772
37100 0 0.848301
37200 0 0.840910
37300 0 0.833600
37400 0 0.826369
37500 0 0.819217
37600 0 0.812141
37700 0 0.805142
37800 0 0.798218
37900 0 0.791369
38000 0 0.784592
38100 0 0.777888
38200 0 0.771255
38300 0 0.764693
38400 0 0.758200
38500 0 0.751775
38600 0 0.745419
38700 0 0.739129
38800 0 0.732905
38900 0 0.726747
39000 0 0.720652
39100 0 0.714621
39200 0 0.708653
39300 0 0.702747
39400 0 0.696902
39500 0 0.691117
39600 0 0.685391
39700 0 0.679725
39800 0 0.674116
39900 0 0.668565
40000 0 0.663071
40100 0 0.657632
40200 0 0.652248
40300 0 0.646920
40400 0 0.641644
40500 0 0.636423
40600 0 0.631253
40700 0 0.626136
40800 0 0.621069
40900 0 0.616054
41000 0 0.611088
41100 0 0.606172
41200 0 0.601304
41300 0 0.596485
41400 0 0.591713
41500 0 0.586988
41600 0 0.582310
41700 0 0.577678
41800 0 0.573091
41900 0 0.568549
42000 0 0.564051
42100 0 0.559596
42200 0 0.555185
42300 0 0.550817
42400 0 0.546491
42500 0 0.542207
42600 0 0.537964
42700 0 0.533761
42800 0 0.529599
42900 0 0.525477
43000 0 0.521394
43100 0 0.517349
43200 0 0.513344
43300 0 0.509376
43400 0 0.505445
43500 0 0.501552
43600 0 0.497696
43700 0 0.493876
43800 0 0.490091
43900 0 0.486342
44000 0 0.482628
44100 0 0.478949
44200 0 0.475304
44300 0 0.471693
44400 0 0.468115
44500 0 0.464570
44600 0 0.461058
44700 0 0.457579
44800 0 0.454131
44900 0 0.450715
45000 0 0.447331
45100 0 0.443977
45200 0 0.440654
45300 0 0.437361
45400 0 0.434098
45500 0 0.430865
45600 0 0.427661
45700 0 0.424486
45800 0 0.421340
45900 0 0.418222
46000 0 0.415132
46100 0 0.412070
46200 0 0.409035
46300 0 0.406028
46400 0 0.403047
46500 0 0.400093
46600 0 0.397165
46700 0 0.394263
46800 0 0.391387
46900 0 0.388536
47000 0 0.385710
47100 0 0.382910
47200 0 0.380134
47300 0 0.377382
47400 0 0.374654
47500 0 0.371951
47600 0 0.369271
47700 0 0.366614
47800 0 0.363981
47900 0 0.361371
48000 0 0.358783
48100 0 0.356217
48200 0 0.353674
48300 0 0.351153
48400 0 0.348654
48500 0 0.346176
48600 0 0.343719
48700 0 0.341284
48800 0 0.338869
48900 0 0.336475
49000 0 0.334102
49100 0 0.331748
49200 0 0.329415
49300 0 0.327102
49400 0 0.324808
49500 0 0.322534
49600 0 0.320279
49700 0 0.318043
49800 0 0.315826
49900 0 0.313628
