0 0 15.045213
100 0 15.044780
200 0 15.043481
300 0 15.041316
400 0 15.038285
500 0 15.034390
600 0 15.029629
700 0 15.024005
800 0 15.017518
900 0 15.010169
1000 0 15.001958
1100 0 14.992888
1200 0 14.982958
1300 0 14.972172
1400 0 14.960530
1500 0 14.948035
1600 0 14.934687
1700 0 14.920488
1800 0 14.905442
1900 0 14.889550
2000 0 14.872814
2100 0 14.855237
2200 0 14.836821
2300 0 14.817569
2400 0 14.797484
2500 0 14.776569
2600 0 14.754827
2700 0 14.732261
2800 0 14.708875
2900 0 14.684671
3000 0 14.659654
3100 0 14.633827
3200 0 14.607195
3300 0 14.579760
3400 0 14.551528
3500 0 14.522502
3600 0 14.492687
3700 0 14.462087
3800 0 14.430707
3900 0 14.398552
4000 0 14.365627
4100 0 14.331937
4200 0 14.297486
4300 0 14.262281
4400 0 14.226327
4500 0 14.189629
4600 0 14.152192
4700 0 14.114024
4800 0 14.075129
4900 0 14.035514
5000 0 13.995186
5100 0 13.954150
5200 0 13.912413
5300 0 13.869982
5400 0 13.826863
5500 0 13.783063
5600 0 13.738590
5700 0 13.693450
5800 0 13.647651
5900 0 13.601201
6000 0 13.554106
6100 0 13.506375
6200 0 13.458015
6300 0 13.409034
6400 0 13.359440
6500 0 13.309242
6600 0 13.258447
6700 0 13.207065
6800 0 13.155103
6900 0 13.102571
7000 0 13.049476
7100 0 12.995829
7200 0 12.941637
7300 0 12.886911
7400 0 12.831658
7500 0 12.775890
7600 0 12.719614
7700 0 12.662840
7800 0 12.605579
7900 0 12.547840
8000 0 12.489632
8100 0 12.430966
8200 0 12.371851
8300 0 12.312298
8400 0 12.252316
8500 0 12.191917
8600 0 12.131110
8700 0 12.069905
8800 0 12.008314
8900 0 11.946346
9000 0 11.884013
9100 0 11.821324
9200 0 11.758291
9300 0 11.694925
9400 0 11.631236
9500 0 11.567234
9600 0 11.502932
9700 0 11.438339
9800 0 11.373467
9900 0 11.308327
10000 0 11.242930
10100 0 11.177286
10200 0 11.111407
10300 0 11.045304
10400 0 10.978988
10500 0 10.912470
10600 0 10.845761
10700 0 10.778873
10800 0 10.711815
10900 0 10.644599
11000 0 10.577237
11100 0 10.509738
11200 0 10.442115
11300 0 10.374377
11400 0 10.306537
11500 0 10.238604
11600 0 10.170589
11700 0 10.102503
11800 0 10.034358
11900 0 9.966162
12000 0 9.897928
12100 0 9.829665
12200 0 9.761384
12300 0 9.693095
12400 0 9.624808
12500 0 9.556533
12600 0 9.488281
12700 0 9.420062
12800 0 9.351885
12900 0 9.283760
13000 0 9.215697
13100 0 9.147705
13200 0 9.079793
13300 0 9.011972
13400 0 8.944250
13500 0 8.876636
13600 0 8.809139
13700 0 8.741769
13800 0 8.674533
13900 0 8.607440
14000 0 8.540499
14100 0 8.473718
14200 0 8.407105
14300 0 8.340668
14400 0 8.274415
14500 0 8.208353
14600 0 8.142491
14700 0 8.076835
14800 0 8.011393
14900 0 7.946172
15000 0 7.881179
15100 0 7.816420
15200 0 7.751903
15300 0 7.687633
15400 0 7.623618
15500 0 7.559862
15600 0 7.496373
15700 0 7.433156
15800 0 7.370216
15900 0 7.307560
16000 0 7.245192
16100 0 7.183118
16200 0 7.121343
16300 0 7.059872
16400 0 6.998709
16500 0 6.937859
16600 0 6.877327
16700 0 6.817116
16800 0 6.757231
16900 0 6.697676
17000 0 6.638454
17100 0 6.579569
17200 0 6.521025
17300 0 6.462825
17400 0 6.404972
17500 0 6.347470
17600 0 6.290321
17700 0 6.233527
17800 0 6.177092
17900 0 6.121018
18000 0 6.065308
18100 0 6.009963
18200 0 5.954986
18300 0 5.900378
18400 0 5.846141
18500 0 5.792278
18600 0 5.738790
18700 0 5.685677
18800 0 5.632942
18900 0 5.580585
19000 0 5.528608
19100 0 5.477012
19200 0 5.425797
19300 0 5.374964
19400 0 5.324514
19500 0 5.274448
19600 0 5.224765
19700 0 5.175466
19800 0 5.126552
19900 0 5.078022
20000 0 5.029876
20100 0 4.982115
20200 0 4.934738
20300 0 4.887745
20400 0 4.841135
20500 0 4.794909
20600 0 4.749065
20700 0 4.703603
20800 0 4.658523
20900 0 4.613823
21000 0 4.569503
21100 0 4.525563
21200 0 4.482000
21300 0 4.438814
21400 0 4.396004
21500 0 4.353569
21600 0 4.311508
21700 0 4.269818
21800 0 4.228500
21900 0 4.187552
22000 0 4.146971
22100 0 4.106757
22200 0 4.066909
22300 0 4.027424
22400 0 3.988301
22500 0 3.949538
22600 0 3.911133
22700 0 3.873086
22800 0 3.835393
22900 0 3.798053
23000 0 3.761065
23100 0 3.724426
23200 0 3.688135
23300 0 3.652189
23400 0 3.616586
23500 0 3.581325
23600 0 3.546403
23700 0 3.511818
23800 0 3.477569
23900 0 3.443652
24000 0 3.410066
24100 0 3.376809
24200 0 3.343879
24300 0 3.311272
24400 0 3.278988
24500 0 3.247024
24600 0 3.215377
24700 0 3.184045
24800 0 3.153026
24900 0 3.122318
25000 0 3.091918
25100 0 3.061824
25200 0 3.032034
25300 0 3.002545
25400 0 2.973354
25500 0 2.944461
25600 0 2.915862
25700 0 2.887554
25800 0 2.859537
25900 0 2.831806
26000 0 2.804360
26100 0 2.777196
26200 0 2.750313
26300 0 2.723707
26400 0 2.697376
26500 0 2.671318
26600 0 2.645530
26700 0 2.620011
26800 0 2.594758
26900 0 2.569767
27000 0 2.545038
27100 0 2.520568
27200 0 2.496354
27300 0 2.472393
27400 0 2.448685
27500 0 2.425226
27600 0 2.402013
27700 0 2.379046
27800 0 2.356320
27900 0 2.333835
28000 0 2.311588
28100 0 2.289576
28200 0 2.267797
28300 0 2.246249
28400 0 2.224930
28500 0 2.203838
28600 0 2.182969
28700 0 2.162323
28800 0 2.141896
28900 0 2.121687
29000 0 2.101693
29100 0 2.081913
29200 0 2.062344
29300 0 2.042984
29400 0 2.023830
29500 0 2.004881
29600 0 1.986135
29700 0 1.967590
29800 0 1.949242
29900 0 1.931092
30000 0 1.913135
30100 0 1.895371
30200 0 1.877797
30300 0 1.860411
30400 0 1.843212
30500 0 1.826196
30600 0 1.809364
30700 0 1.792711
30800 0 1.776237
30900 0 1.759940
31000 0 1.743817
31100 0 1.727866
31200 0 1.712087
31300 0 1.696477
31400 0 1.681034
31500 0 1.665756
31600 0 1.650642
31700 0 1.635689
31800 0 1.620897
31900 0 1.606262
32000 0 1.591784
32100 0 1.577461
32200 0 1.563291
32300 0 1.549272
32400 0 1.535403
32500 0 1.521682
32600 0 1.508107
32700 0 1.494676
32800 0 1.481389
32900 0 1.468243
33000 0 1.455237
33100 0 1.442369
33200 0 1.429638
33300 0 1.417042
33400 0 1.404580
33500 0 1.392249
33600 0 1.380050
33700 0 1.367979
33800 0 1.356036
33900 0 1.344219
34000 0 1.332527
34100 0 1.320959
34200 0 1.309512
34300 0 1.298186
34400 0 1.286978
34500 0 1.275889
34600 0 1.264916
34700 0 1.254058
34800 0 1.243314
34900 0 1.232682
35000 0 1.222161
35100 0 1.211750
35200 0 1.201448
35300 0 1.191253
35400 0 1.181164
35500 0 1.171180
35600 0 1.161299
35700 0 1.151521
35800 0 1.141845
35900 0 1.132268
36000 0 1.122790
36100 0 1.113410
36200 0 1.104127
36300 0 1.094939
36400 0 1.085845
36500 0 1.076845
36600 0 1.067937
36700 0 1.059120
36800 0 1.050393
36900 0 1.041755
37000 0 1.033206
37100 0 1.024743
37200 0 1.016366
37300 0 1.008074
37400 0 0.999866
37500 0 0.991741
37600 0 0.983698
37700 0 0.975736
37800 0 0.967854
37900 0 0.960051
38000 0 0.952327
38100 0 0.944680
38200 0 0.937110
38300 0 0.929615
38400 0 0.922194
38500 0 0.914848
38600 0 0.907574
38700 0 0.900373
38800 0 0.893243
38900 0 0.886183
39000 0 0.879193
39100 0 0.872272
39200 0 0.865419
39300 0 0.858634
39400 0 0.851914
39500 0 0.845261
39600 0 0.838672
39700 0 0.832147
39800 0 0.825686
39900 0 0.819288
40000 0 0.812952
40100 0 0.806677
40200 0 0.800463
40300 0 0.794308
40400 0 0.788213
40500 0 0.782176
40600 0 0.776197
40700 0 0.770275
40800 0 0.764410
40900 0 0.758601
41000 0 0.752847
41100 0 0.747148
41200 0 0.741502
41300 0 0.735910
41400 0 0.730371
41500 0 0.724884
41600 0 0.719449
41700 0 0.714065
41800 0 0.708731
41900 0 0.703447
42000 0 0.698212
42100 0 0.693026
42200 0 0.687888
42300 0 0.682798
42400 0 0.677755
42500 0 0.672759
42600 0 0.667808
42700 0 0.662903
42800 0 0.658044
42900 0 0.653229
43000 0 0.648457
43100 0 0.643730
43200 0 0.639045
43300 0 0.634404
43400 0 0.629804
43500 0 0.625246
43600 0 0.620729
43700 0 0.616253
43800 0 0.611817
43900 0 0.607421
44000 0 0.603064
44100 0 0.598747
44200 0 0.594468
44300 0 0.590227
44400 0 0.586024
44500 0 0.581858
44600 0 0.577729
44700 0 0.573637
44800 0 0.569581
44900 0 0.565560
45000 0 0.561575
45100 0 0.557625
45200 0 0.553709
45300 0 0.549828
45400 0 0.545980
45500 0 0.542166
45600 0 0.538385
45700 0 0.534637
45800 0 0.530921
45900 0 0.527238
46000 0 0.523586
46100 0 0.519965
46200 0 0.516376
46300 0 0.512817
46400 0 0.509289
46500 0 0.505791
46600 0 0.502323
46700 0 0.498884
46800 0 0.495474
46900 0 0.492093
47000 0 0.488741
47100 0 0.485417
47200 0 0.482121
47300 0 0.478853
47400 0 0.475612
47500 0 0.472398
47600 0 0.469211
47700 0 0.466050
47800 0 0.462916
47900 0 0.459808
48000 0 0.456726
48100 0 0.453669
48200 0 0.450638
48300 0 0.447631
48400 0 0.444649
48500 0 0.441692
48600 0 0.438759
48700 0 0.435849
48800 0 0.432964
48900 0 0.430102
49000 0 0.427264
49100 0 0.424448
49200 0 0.421655
49300 0 0.418885
49400 0 0.416137
49500 0 0.413412
49600 0 0.410708
49700 0 0.408026
49800 0 0.405365
49900 0 0.402726
