0 0 35.318971
100 0 35.317923
200 0 35.314780
300 0 35.309540
400 0 35.302201
500 0 35.292761
600 0 35.281218
700 0 35.267567
800 0 35.251803
900 0 35.233923
1000 0 35.213919
1100 0 35.191787
1200 0 35.167517
1300 0 35.141104
1400 0 35.112538
1500 0 35.081810
1600 0 35.048911
1700 0 35.013831
1800 0 34.976558
1900 0 34.937081
2000 0 34.895388
2100 0 34.851465
2200 0 34.805301
2300 0 34.756880
2400 0 34.706188
2500 0 34.653211
2600 0 34.597932
2700 0 34.540335
2800 0 34.480405
2900 0 34.418123
3000 0 34.353472
3100 0 34.286435
3200 0 34.216992
3300 0 34.145125
3400 0 34.070814
3500 0 33.994040
3600 0 33.914782
3700 0 33.833021
3800 0 33.748736
3900 0 33.661905
4000 0 33.572508
4100 0 33.480523
4200 0 33.385929
4300 0 33.288704
4400 0 33.188826
4500 0 33.086274
4600 0 32.981025
4700 0 32.873059
4800 0 32.762352
4900 0 32.648884
5000 0 32.532633
5100 0 32.413578
5200 0 32.291698
5300 0 32.166972
5400 0 32.039381
5500 0 31.908904
5600 0 31.775522
5700 0 31.639217
5800 0 31.499970
5900 0 31.357765
6000 0 31.212585
6100 0 31.064414
6200 0 30.913239
6300 0 30.759044
6400 0 30.601819
6500 0 30.441552
6600 0 30.278232
6700 0 30.111853
6800 0 29.942405
6900 0 29.769886
7000 0 29.594290
7100 0 29.415616
7200 0 29.233864
7300 0 29.049037
7400 0 28.861139
7500 0 28.670176
7600 0 28.476157
7700 0 28.279093
7800 0 28.079000
7900 0 27.875893
8000 0 27.669792
8100 0 27.460720
8200 0 27.248702
8300 0 27.033768
8400 0 26.815948
8500 0 26.595279
8600 0 26.371800
8700 0 26.145552
8800 0 25.916583
8900 0 25.684943
9000 0 25.450684
9100 0 25.213866
9200 0 24.974549
9300 0 24.732800
9400 0 24.488688
9500 0 24.242288
9600 0 23.993677
9700 0 23.742938
9800 0 23.490157
9900 0 23.235425
10000 0 22.978836
10100 0 22.720488
10200 0 22.460483
10300 0 22.198928
10400 0 21.935932
10500 0 21.671609
10600 0 21.406074
10700 0 21.139448
10800 0 20.871852
10900 0 20.603412
11000 0 20.334256
11100 0 20.064514
11200 0 19.794317
11300 0 19.523798
11400 0 19.253093
11500 0 18.982338
11600 0 18.711668
11700 0 18.441221
11800 0 18.171133
11900 0 17.901540
12000 0 17.632580
12100 0 17.364386
12200 0 17.097091
12300 0 16.830828
12400 0 16.565726
12500 0 16.301912
12600 0 16.039511
12700 0 15.778645
12800 0 15.519432
12900 0 15.261987
13000 0 15.006420
13100 0 14.752840
13200 0 14.501349
13300 0 14.252046
13400 0 14.005025
13500 0 13.760376
13600 0 13.518183
13700 0 13.278527
13800 0 13.041482
13900 0 12.807118
14000 0 12.575501
14100 0 12.346690
14200 0 12.120742
14300 0 11.897706
14400 0 11.677627
14500 0 11.460546
14600 0 11.246500
14700 0 11.035519
14800 0 10.827630
14900 0 10.622855
15000 0 10.421213
15100 0 10.222718
15200 0 10.027380
15300 0 9.835204
15400 0 9.646194
15500 0 9.460348
15600 0 9.277663
15700 0 9.098131
15800 0 8.921741
15900 0 8.748481
16000 0 8.578333
16100 0 8.411281
16200 0 8.247302
16300 0 8.086373
16400 0 7.928470
16500 0 7.773565
16600 0 7.621629
16700 0 7.472632
16800 0 7.326542
16900 0 7.183324
17000 0 7.042946
17100 0 6.905370
17200 0 6.770559
17300 0 6.638476
17400 0 6.509083
17500 0 6.382340
17600 0 6.258206
17700 0 6.136642
17800 0 6.017607
17900 0 5.901059
18000 0 5.786957
18100 0 5.675259
18200 0 5.565923
18300 0 5.458908
18400 0 5.354170
18500 0 5.251669
18600 0 5.151362
18700 0 5.053208
18800 0 4.957166
18900 0 4.863193
19000 0 4.771249
19100 0 4.681294
19200 0 4.593286
19300 0 4.507187
19400 0 4.422956
19500 0 4.340554
19600 0 4.259943
19700 0 4.181084
19800 0 4.103940
19900 0 4.028474
20000 0 3.954649
20100 0 3.882428
20200 0 3.811777
20300 0 3.742659
20400 0 3.675042
20500 0 3.608891
20600 0 3.544172
20700 0 3.480853
20800 0 3.418903
20900 0 3.358288
21000 0 3.298980
21100 0 3.240947
21200 0 3.184159
21300 0 3.128588
21400 0 3.074205
21500 0 3.020982
21600 0 2.968892
21700 0 2.917909
21800 0 2.868005
21900 0 2.819155
22000 0 2.771335
22100 0 2.724520
22200 0 2.678686
22300 0 2.633809
22400 0 2.589867
22500 0 2.546838
22600 0 2.504699
22700 0 2.463430
22800 0 2.423010
22900 0 2.383418
23000 0 2.344635
23100 0 2.306641
23200 0 2.269418
23300 0 2.232947
23400 0 2.197211
23500 0 2.162192
23600 0 2.127872
23700 0 2.094236
23800 0 2.061267
23900 0 2.028949
24000 0 1.997267
24100 0 1.966207
24200 0 1.935753
24300 0 1.905891
24400 0 1.876607
24500 0 1.847889
24600 0 1.819722
24700 0 1.792094
24800 0 1.764993
24900 0 1.738406
25000 0 1.712322
25100 0 1.686728
25200 0 1.661614
25300 0 1.636969
25400 0 1.612782
25500 0 1.589043
25600 0 1.565742
25700 0 1.542868
25800 0 1.520413
25900 0 1.498366
26000 0 1.476719
26100 0 1.455464
26200 0 1.434590
26300 0 1.414090
26400 0 1.393956
26500 0 1.374180
26600 0 1.354753
26700 0 1.335669
26800 0 1.316920
26900 0 1.298499
27000 0 1.280398
27100 0 1.262611
27200 0 1.245132
27300 0 1.227953
27400 0 1.211068
27500 0 1.194472
27600 0 1.178159
27700 0 1.162121
27800 0 1.146355
27900 0 1.130853
28000 0 1.115611
28100 0 1.100624
28200 0 1.085886
28300 0 1.071392
28400 0 1.057137
28500 0 1.043117
28600 0 1.029327
28700 0 1.015761
28800 0 1.002417
28900 0 0.989289
29000 0 0.976373
29100 0 0.963665
29200 0 0.951162
29300 0 0.938858
29400 0 0.926751
29500 0 0.914835
29600 0 0.903109
29700 0 0.891568
29800 0 0.880209
29900 0 0.869027
30000 0 0.858021
30100 0 0.847186
30200 0 0.836520
30300 0 0.826018
30400 0 0.815679
30500 0 0.805500
30600 0 0.795476
30700 0 0.785606
30800 0 0.775887
30900 0 0.766316
31000 0 0.756889
31100 0 0.747606
31200 0 0.738462
31300 0 0.729457
31400 0 0.720586
31500 0 0.711848
31600 0 0.703240
31700 0 0.694761
31800 0 0.686407
31900 0 0.678177
32000 0 0.670069
32100 0 0.662079
32200 0 0.654208
32300 0 0.646451
32400 0 0.638808
32500 0 0.631276
32600 0 0.623854
32700 0 0.616539
32800 0 0.609330
32900 0 0.602225
33000 0 0.595223
33100 0 0.588320
33200 0 0.581517
33300 0 0.574811
33400 0 0.568201
33500 0 0.561684
33600 0 0.555260
33700 0 0.548927
33800 0 0.542683
33900 0 0.536528
34000 0 0.530458
34100 0 0.524474
34200 0 0.518574
34300 0 0.512756
34400 0 0.507019
34500 0 0.501361
34600 0 0.495783
34700 0 0.490281
34800 0 0.484855
34900 0 0.479504
35000 0 0.474227
35100 0 0.469022
35200 0 0.463888
35300 0 0.458824
35400 0 0.453829
35500 0 0.448902
35600 0 0.444042
35700 0 0.439248
35800 0 0.434519
35900 0 0.429853
36000 0 0.425250
36100 0 0.420709
36200 0 0.416228
36300 0 0.411808
36400 0 0.407446
36500 0 0.403143
36600 0 0.398897
36700 0 0.394706
36800 0 0.390572
36900 0 0.386492
37000 0 0.382466
37100 0 0.378492
37200 0 0.374571
37300 0 0.370701
37400 0 0.366882
37500 0 0.363112
37600 0 0.359392
37700 0 0.355720
37800 0 0.352095
37900 0 0.348517
38000 0 0.344986
38100 0 0.341500
38200 0 0.338059
38300 0 0.334661
38400 0 0.331308
38500 0 0.327997
38600 0 0.324729
38700 0 0.321502
38800 0 0.318316
38900 0 0.315170
39000 0 0.312064
39100 0 0.308997
39200 0 0.305969
39300 0 0.302980
39400 0 0.300027
39500 0 0.297112
39600 0 0.294233
39700 0 0.291389
39800 0 0.288582
39900 0 0.285809
40000 0 0.283070
40100 0 0.280365
40200 0 0.277694
40300 0 0.275056
40400 0 0.272450
40500 0 0.269876
40600 0 0.267333
40700 0 0.264822
40800 0 0.262341
40900 0 0.259891
41000 0 0.257470
41100 0 0.255078
41200 0 0.252716
41300 0 0.250382
41400 0 0.248076
41500 0 0.245798
41600 0 0.243547
41700 0 0.241323
41800 0 0.239126
41900 0 0.236955
42000 0 0.234809
42100 0 0.232690
42200 0 0.230595
42300 0 0.228525
42400 0 0.226480
42500 0 0.224458
42600 0 0.222461
42700 0 0.220487
42800 0 0.218536
42900 0 0.216608
43000 0 0.214702
43100 0 0.212819
43200 0 0.210957
43300 0 0.209117
43400 0 0.207298
43500 0 0.205501
43600 0 0.203724
43700 0 0.201967
43800 0 0.200231
43900 0 0.198514
44000 0 0.196817
44100 0 0.195140
44200 0 0.193481
44300 0 0.191842
44400 0 0.190221
44500 0 0.188618
44600 0 0.187034
44700 0 0.185467
44800 0 0.183918
44900 0 0.182387
45000 0 0.180872
45100 0 0.179375
45200 0 0.177894
45300 0 0.176429
45400 0 0.174981
45500 0 0.173549
45600 0 0.172133
45700 0 0.170733
45800 0 0.169348
45900 0 0.167978
46000 0 0.166623
46100 0 0.165284
46200 0 0.163958
46300 0 0.162648
46400 0 0.161351
46500 0 0.160069
46600 0 0.158800
46700 0 0.157546
46800 0 0.156305
46900 0 0.155077
47000 0 0.153862
47100 0 0.152661
47200 0 0.151472
47300 0 0.150296
47400 0 0.149133
47500 0 0.147982
47600 0 0.146843
47700 0 0.145717
47800 0 0.144602
47900 0 0.143499
48000 0 0.142408
48100 0 0.141328
48200 0 0.140260
48300 0 0.139203
48400 0 0.138156
48500 0 0.137121
48600 0 0.136097
48700 0 0.135083
48800 0 0.134080
48900 0 0.133087
49000 0 0.132104
49100 0 0.131132
49200 0 0.130170
49300 0 0.129217
49400 0 0.128274
49500 0 0.127341
49600 0 0.126418
49700 0 0.125503
49800 0 0.124599
49900 0 0.123703
