0 0 6.989646
100 0 6.989625
200 0 6.989564
300 0 6.989462
400 0 6.989320
500 0 6.989136
600 0 6.988912
700 0 6.988646
800 0 6.988340
900 0 6.987993
1000 0 6.987605
1100 0 6.987176
1200 0 6.986706
1300 0 6.986195
1400 0 6.985643
1500 0 6.985050
1600 0 6.984415
1700 0 6.983739
1800 0 6.983022
1900 0 6.982263
2000 0 6.981463
2100 0 6.980620
2200 0 6.979737
2300 0 6.978811
2400 0 6.977844
2500 0 6.976834
2600 0 6.975782
2700 0 6.974688
2800 0 6.973552
2900 0 6.972373
3000 0 6.971152
3100 0 6.969888
3200 0 6.968581
3300 0 6.967230
3400 0 6.965837
3500 0 6.964401
3600 0 6.962921
3700 0 6.961397
3800 0 6.959829
3900 0 6.958218
4000 0 6.956562
4100 0 6.954862
4200 0 6.953118
4300 0 6.951329
4400 0 6.949495
4500 0 6.947615
4600 0 6.945691
4700 0 6.943721
4800 0 6.941705
4900 0 6.939643
5000 0 6.937535
5100 0 6.935381
5200 0 6.933180
5300 0 6.930932
5400 0 6.928636
5500 0 6.926294
5600 0 6.923903
5700 0 6.921465
5800 0 6.918978
5900 0 6.916443
6000 0 6.913859
6100 0 6.911226
6200 0 6.908544
6300 0 6.905812
6400 0 6.903029
6500 0 6.900197
6600 0 6.897313
6700 0 6.894379
6800 0 6.891393
6900 0 6.888356
7000 0 6.885267
7100 0 6.882125
7200 0 6.878930
7300 0 6.875682
7400 0 6.872381
7500 0 6.869026
7600 0 6.865616
7700 0 6.862151
7800 0 6.858632
7900 0 6.855057
8000 0 6.851426
8100 0 6.847738
8200 0 6.843994
8300 0 6.840192
8400 0 6.836332
8500 0 6.832414
8600 0 6.828438
8700 0 6.824402
8800 0 6.820307
8900 0 6.816151
9000 0 6.811935
9100 0 6.807657
9200 0 6.803318
9300 0 6.798916
9400 0 6.794452
9500 0 6.789924
9600 0 6.785332
9700 0 6.780676
9800 0 6.775954
9900 0 6.771167
10000 0 6.766314
10100 0 6.761394
10200 0 6.756406
10300 0 6.751350
10400 0 6.746226
10500 0 6.741032
10600 0 6.735768
10700 0 6.730433
10800 0 6.725026
10900 0 6.719548
11000 0 6.713997
11100 0 6.708372
11200 0 6.702673
11300 0 6.696900
11400 0 6.691050
11500 0 6.685124
11600 0 6.679121
11700 0 6.673040
11800 0 6.666880
11900 0 6.660641
12000 0 6.654321
12100 0 6.647921
12200 0 6.641438
12300 0 6.634872
12400 0 6.628223
12500 0 6.621489
12600 0 6.614670
12700 0 6.607765
12800 0 6.600772
12900 0 6.593692
13000 0 6.586522
13100 0 6.579263
13200 0 6.571913
13300 0 6.564471
13400 0 6.556936
13500 0 6.549308
13600 0 6.541585
13700 0 6.533766
13800 0 6.525851
13900 0 6.517838
14000 0 6.509726
14100 0 6.501514
14200 0 6.493202
14300 0 6.484788
14400 0 6.476271
14500 0 6.467650
14600 0 6.458923
14700 0 6.450091
14800 0 6.441151
14900 0 6.432103
15000 0 6.422945
15100 0 6.413677
15200 0 6.404297
15300 0 6.394803
15400 0 6.385196
15500 0 6.375473
15600 0 6.365633
15700 0 6.355676
15800 0 6.345600
15900 0 6.335403
16000 0 6.325085
16100 0 6.314644
16200 0 6.304080
16300 0 6.293390
16400 0 6.282574
16500 0 6.271630
16600 0 6.260557
16700 0 6.249354
16800 0 6.238019
16900 0 6.226551
17000 0 6.214949
17100 0 6.203212
17200 0 6.191338
17300 0 6.179326
17400 0 6.167175
17500 0 6.154882
17600 0 6.142448
17700 0 6.129870
17800 0 6.117148
17900 0 6.104280
18000 0 6.091264
18100 0 6.078100
18200 0 6.064785
18300 0 6.051319
18400 0 6.037701
18500 0 6.023929
18600 0 6.010001
18700 0 5.995917
18800 0 5.981674
18900 0 5.967273
19000 0 5.952711
19100 0 5.937987
19200 0 5.923100
19300 0 5.908049
19400 0 5.892832
19500 0 5.877448
19600 0 5.861896
19700 0 5.846175
19800 0 5.830283
19900 0 5.814220
20000 0 5.797983
20100 0 5.781573
20200 0 5.764987
20300 0 5.748225
20400 0 5.731285
20500 0 5.714167
20600 0 5.696869
20700 0 5.679391
20800 0 5.661731
20900 0 5.643888
21000 0 5.625862
21100 0 5.607651
21200 0 5.589256
21300 0 5.570674
21400 0 5.551904
21500 0 5.532948
21600 0 5.513802
21700 0 5.494468
21800 0 5.474944
21900 0 5.455229
22000 0 5.435323
22100 0 5.415226
22200 0 5.394936
22300 0 5.374455
22400 0 5.353780
22500 0 5.332912
22600 0 5.311852
22700 0 5.290597
22800 0 5.269149
22900 0 5.247507
23000 0 5.225672
23100 0 5.203643
23200 0 5.181420
23300 0 5.159004
23400 0 5.136395
23500 0 5.113593
23600 0 5.090599
23700 0 5.067414
23800 0 5.044037
23900 0 5.020470
24000 0 4.996713
24100 0 4.972767
24200 0 4.948633
24300 0 4.924312
24400 0 4.899805
24500 0 4.875114
24600 0 4.850240
24700 0 4.825183
24800 0 4.799947
24900 0 4.774531
25000 0 4.748939
25100 0 4.723171
25200 0 4.697230
25300 0 4.671117
25400 0 4.644836
25500 0 4.618388
25600 0 4.591775
25700 0 4.565000
25800 0 4.538066
25900 0 4.510975
26000 0 4.483730
26100 0 4.456334
26200 0 4.428790
26300 0 4.401101
26400 0 4.373271
26500 0 4.345303
26600 0 4.317200
26700 0 4.288966
26800 0 4.260605
26900 0 4.232120
27000 0 4.203516
27100 0 4.174797
27200 0 4.145966
27300 0 4.117028
27400 0 4.087988
27500 0 4.058850
27600 0 4.029619
27700 0 4.000298
27800 0 3.970894
27900 0 3.941410
28000 0 3.911852
28100 0 3.882225
28200 0 3.852534
28300 0 3.822785
28400 0 3.792981
28500 0 3.763129
28600 0 3.733235
28700 0 3.703303
28800 0 3.673339
28900 0 3.643349
29000 0 3.613338
29100 0 3.583312
29200 0 3.553276
29300 0 3.523237
29400 0 3.493199
29500 0 3.463170
29600 0 3.433153
29700 0 3.403156
29800 0 3.373184
29900 0 3.343243
30000 0 3.313338
30100 0 3.283475
30200 0 3.253660
30300 0 3.223898
30400 0 3.194195
30500 0 3.164557
30600 0 3.134989
30700 0 3.105496
30800 0 3.076085
30900 0 3.046760
31000 0 3.017526
31100 0 2.988389
31200 0 2.959355
31300 0 2.930427
31400 0 2.901611
31500 0 2.872912
31600 0 2.844334
31700 0 2.815883
31800 0 2.787563
31900 0 2.759377
32000 0 2.731331
32100 0 2.703429
32200 0 2.675675
32300 0 2.648073
32400 0 2.620627
32500 0 2.593340
32600 0 2.566216
32700 0 2.539259
32800 0 2.512472
32900 0 2.485858
33000 0 2.459420
33100 0 2.433162
33200 0 2.407086
33300 0 2.381195
33400 0 2.355491
33500 0 2.329978
33600 0 2.304657
33700 0 2.279530
33800 0 2.254600
33900 0 2.229868
34000 0 2.205337
34100 0 2.181009
34200 0 2.156883
34300 0 2.132963
34400 0 2.109250
34500 0 2.085744
34600 0 2.062447
34700 0 2.039359
34800 0 2.016483
34900 0 1.993818
35000 0 1.971365
35100 0 1.949124
35200 0 1.927097
35300 0 1.905283
35400 0 1.883684
35500 0 1.862298
35600 0 1.841126
35700 0 1.820168
35800 0 1.799423
35900 0 1.778893
36000 0 1.758576
36100 0 1.738472
36200 0 1.718580
36300 0 1.698901
36400 0 1.679433
36500 0 1.660176
36600 0 1.641130
36700 0 1.622292
36800 0 1.603664
36900 0 1.585242
37000 0 1.567028
37100 0 1.549020
37200 0 1.531216
37300 0 1.513615
37400 0 1.496217
37500 0 1.479020
37600 0 1.462024
37700 0 1.445225
37800 0 1.428625
37900 0 1.412220
38000 0 1.396010
38100 0 1.379993
38200 0 1.364167
38300 0 1.348532
38400 0 1.333086
38500 0 1.317827
38600 0 1.302753
38700 0 1.287864
38800 0 1.273157
38900 0 1.258630
39000 0 1.244283
39100 0 1.230114
39200 0 1.216120
39300 0 1.202301
39400 0 1.188654
39500 0 1.175178
39600 0 1.161871
39700 0 1.148731
39800 0 1.135757
39900 0 1.122947
40000 0 1.110299
40100 0 1.097812
40200 0 1.085483
40300 0 1.073312
40400 0 1.061295
40500 0 1.049432
40600 0 1.037721
40700 0 1.026160
40800 0 1.014747
40900 0 1.003481
41000 0 0.992360
41100 0 0.981382
41200 0 0.970545
41300 0 0.959848
41400 0 0.949289
41500 0 0.938866
41600 0 0.928579
41700 0 0.918424
41800 0 0.908400
41900 0 0.898506
42000 0 0.888741
42100 0 0.879101
42200 0 0.869587
42300 0 0.860196
42400 0 0.850926
42500 0 0.841776
42600 0 0.832745
42700 0 0.823831
42800 0 0.815032
42900 0 0.806347
43000 0 0.797774
43100 0 0.789312
43200 0 0.780960
43300 0 0.772715
43400 0 0.764577
43500 0 0.756544
43600 0 0.748614
43700 0 0.740786
43800 0 0.733059
43900 0 0.725431
44000 0 0.717902
44100 0 0.710469
44200 0 0.703131
44300 0 0.695887
44400 0 0.688736
44500 0 0.681676
44600 0 0.674706
44700 0 0.667825
44800 0 0.661031
44900 0 0.654324
45000 0 0.647702
45100 0 0.641163
45200 0 0.634708
45300 0 0.628334
45400 0 0.622040
45500 0 0.615825
45600 0 0.609689
45700 0 0.603630
45800 0 0.597646
45900 0 0.591737
46000 0 0.585902
46100 0 0.580140
46200 0 0.574449
46300 0 0.568829
46400 0 0.563279
46500 0 0.557797
46600 0 0.552383
46700 0 0.547035
46800 0 0.541753
46900 0 0.536536
47000 0 0.531383
47100 0 0.526293
47200 0 0.521264
47300 0 0.516297
47400 0 0.511390
47500 0 0.506542
47600 0 0.501753
47700 0 0.497021
47800 0 0.492347
47900 0 0.487728
48000 0 0.483165
48100 0 0.478656
48200 0 0.474201
48300 0 0.469799
48400 0 0.465449
48500 0 0.461150
48600 0 0.456902
48700 0 0.452704
48800 0 0.448555
48900 0 0.444455
49000 0 0.440403
49100 0 0.436398
49200 0 0.432439
49300 0 0.428527
49400 0 0.424659
49500 0 0.420837
49600 0 0.417058
49700 0 0.413322
49800 0 0.409629
49900 0 0.405979
