0 0 46.924671
100 0 46.923981
200 0 46.921913
300 0 46.918465
400 0 46.913634
500 0 46.907418
600 0 46.899812
700 0 46.890811
800 0 46.880409
900 0 46.868599
1000 0 46.855374
1100 0 46.840725
1200 0 46.824641
1300 0 46.807112
1400 0 46.788127
1500 0 46.767671
1600 0 46.745731
1700 0 46.722293
1800 0 46.697338
1900 0 46.670852
2000 0 46.642813
2100 0 46.613204
2200 0 46.582002
2300 0 46.549185
2400 0 46.514730
2500 0 46.478610
2600 0 46.440800
2700 0 46.401272
2800 0 46.359994
2900 0 46.316937
3000 0 46.272066
3100 0 46.225347
3200 0 46.176744
3300 0 46.126216
3400 0 46.073725
3500 0 46.019226
3600 0 45.962676
3700 0 45.904026
3800 0 45.843228
3900 0 45.780229
4000 0 45.714974
4100 0 45.647406
4200 0 45.577465
4300 0 45.505088
4400 0 45.430208
4500 0 45.352756
4600 0 45.272659
4700 0 45.189841
4800 0 45.104222
4900 0 45.015717
5000 0 44.924241
5100 0 44.829699
5200 0 44.731998
5300 0 44.631035
5400 0 44.526705
5500 0 44.418900
5600 0 44.307503
5700 0 44.192396
5800 0 44.073451
5900 0 43.950540
6000 0 43.823526
6100 0 43.692266
6200 0 43.556612
6300 0 43.416412
6400 0 43.271505
6500 0 43.121725
6600 0 42.966899
6700 0 42.806849
6800 0 42.641389
6900 0 42.470329
7000 0 42.293470
7100 0 42.110608
7200 0 41.921534
7300 0 41.726031
7400 0 41.523876
7500 0 41.314843
7600 0 41.098699
7700 0 40.875206
7800 0 40.644122
7900 0 40.405201
8000 0 40.158195
8100 0 39.902853
8200 0 39.638920
8300 0 39.366144
8400 0 39.084271
8500 0 38.793048
8600 0 38.492228
8700 0 38.181565
8800 0 37.860820
8900 0 37.529762
9000 0 37.188169
9100 0 36.835831
9200 0 36.472552
9300 0 36.098152
9400 0 35.712469
9500 0 35.315366
9600 0 34.906727
9700 0 34.486467
9800 0 34.054530
9900 0 33.610897
10000 0 33.155586
10100 0 32.688659
10200 0 32.210223
10300 0 31.720437
10400 0 31.219511
10500 0 30.707716
10600 0 30.185381
10700 0 29.652903
10800 0 29.110744
10900 0 28.559433
11000 0 27.999572
11100 0 27.431831
11200 0 26.856950
11300 0 26.275736
11400 0 25.689059
11500 0 25.097849
11600 0 24.503085
11700 0 23.905793
11800 0 23.307035
11900 0 22.707898
12000 0 22.109484
12100 0 21.512898
12200 0 20.919240
12300 0 20.329588
12400 0 19.744993
12500 0 19.166461
12600 0 18.594952
12700 0 18.031368
12800 0 17.476542
12900 0 16.931242
13000 0 16.396157
13100 0 15.871903
13200 0 15.359015
13300 0 14.857952
13400 0 14.369097
13500 0 13.892759
13600 0 13.429174
13700 0 12.978513
13800 0 12.540884
13900 0 12.116335
14000 0 11.704862
14100 0 11.306412
14200 0 10.920886
14300 0 10.548149
14400 0 10.188027
14500 0 9.840318
14600 0 9.504794
14700 0 9.181204
14800 0 8.869275
14900 0 8.568723
15000 0 8.279248
15100 0 8.000542
15200 0 7.732288
15300 0 7.474166
15400 0 7.225852
15500 0 6.987020
15600 0 6.757347
15700 0 6.536510
15800 0 6.324189
15900 0 6.120070
16000 0 5.923844
16100 0 5.735207
16200 0 5.553863
16300 0 5.379522
16400 0 5.211902
16500 0 5.050732
16600 0 4.895745
16700 0 4.746686
16800 0 4.603307
16900 0 4.465368
17000 0 4.332640
17100 0 4.204902
17200 0 4.081940
17300 0 3.963549
17400 0 3.849535
17500 0 3.739710
17600 0 3.633892
17700 0 3.531911
17800 0 3.433601
17900 0 3.338806
18000 0 3.247375
18100 0 3.159164
18200 0 3.074038
18300 0 2.991865
18400 0 2.912520
18500 0 2.835886
18600 0 2.761849
18700 0 2.690301
18800 0 2.621140
18900 0 2.554267
19000 0 2.489589
19100 0 2.427018
19200 0 2.366469
19300 0 2.307860
19400 0 2.251117
19500 0 2.196164
19600 0 2.142932
19700 0 2.091355
19800 0 2.041369
19900 0 1.992913
20000 0 1.945931
20100 0 1.900366
20200 0 1.856166
20300 0 1.813282
20400 0 1.771664
20500 0 1.731267
20600 0 1.692048
20700 0 1.653964
20800 0 1.616975
20900 0 1.581043
21000 0 1.546132
21100 0 1.512206
21200 0 1.479231
21300 0 1.447176
21400 0 1.416009
21500 0 1.385701
21600 0 1.356223
21700 0 1.327548
21800 0 1.299650
21900 0 1.272503
22000 0 1.246084
22100 0 1.220369
22200 0 1.195336
22300 0 1.170963
22400 0 1.147230
22500 0 1.124117
22600 0 1.101604
22700 0 1.079674
22800 0 1.058307
22900 0 1.037488
23000 0 1.017200
23100 0 0.997426
23200 0 0.978152
23300 0 0.959362
23400 0 0.941042
23500 0 0.923178
23600 0 0.905758
23700 0 0.888767
23800 0 0.872194
23900 0 0.856027
24000 0 0.840253
24100 0 0.824862
24200 0 0.809843
24300 0 0.795185
24400 0 0.780878
24500 0 0.766912
24600 0 0.753277
24700 0 0.739965
24800 0 0.726966
24900 0 0.714272
25000 0 0.701874
25100 0 0.689764
25200 0 0.677934
25300 0 0.666377
25400 0 0.655085
25500 0 0.644051
25600 0 0.633268
25700 0 0.622729
25800 0 0.612429
25900 0 0.602359
26000 0 0.592515
26100 0 0.582889
26200 0 0.573478
26300 0 0.564274
26400 0 0.555272
26500 0 0.546468
26600 0 0.537855
26700 0 0.529430
26800 0 0.521186
26900 0 0.513120
27000 0 0.505227
27100 0 0.497502
27200 0 0.489941
27300 0 0.482540
27400 0 0.475295
27500 0 0.468202
27600 0 0.461257
27700 0 0.454456
27800 0 0.447796
27900 0 0.441273
28000 0 0.434883
28100 0 0.428625
28200 0 0.422493
28300 0 0.416486
28400 0 0.410599
28500 0 0.404831
28600 0 0.399178
28700 0 0.393637
28800 0 0.388206
28900 0 0.382882
29000 0 0.377663
29100 0 0.372545
29200 0 0.367527
29300 0 0.362606
29400 0 0.357779
29500 0 0.353046
29600 0 0.348402
29700 0 0.343847
29800 0 0.339378
29900 0 0.334993
30000 0 0.330691
30100 0 0.326468
30200 0 0.322324
30300 0 0.318257
30400 0 0.314264
30500 0 0.310345
30600 0 0.306497
30700 0 0.302719
30800 0 0.299009
30900 0 0.295365
31000 0 0.291787
31100 0 0.288273
31200 0 0.284821
31300 0 0.281429
31400 0 0.278098
31500 0 0.274824
31600 0 0.271607
31700 0 0.268446
31800 0 0.265340
31900 0 0.262286
32000 0 0.259285
32100 0 0.256335
32200 0 0.253434
32300 0 0.250582
32400 0 0.247778
32500 0 0.245020
32600 0 0.242308
32700 0 0.239641
32800 0 0.237018
32900 0 0.234437
33000 0 0.231898
33100 0 0.229400
33200 0 0.226942
33300 0 0.224524
33400 0 0.222144
33500 0 0.219801
33600 0 0.217496
33700 0 0.215226
33800 0 0.212992
33900 0 0.210793
34000 0 0.208627
34100 0 0.206494
34200 0 0.204395
34300 0 0.202327
34400 0 0.200290
34500 0 0.198284
34600 0 0.196307
34700 0 0.194361
34800 0 0.192442
34900 0 0.190553
35000 0 0.188690
35100 0 0.186855
35200 0 0.185046
35300 0 0.183264
35400 0 0.181507
35500 0 0.179775
35600 0 0.178067
35700 0 0.176384
35800 0 0.174724
35900 0 0.173087
36000 0 0.171473
36100 0 0.169881
36200 0 0.168311
36300 0 0.166762
36400 0 0.165235
36500 0 0.163728
36600 0 0.162241
36700 0 0.160774
36800 0 0.159326
36900 0 0.157898
37000 0 0.156488
37100 0 0.155097
37200 0 0.153723
37300 0 0.152368
37400 0 0.151029
37500 0 0.149708
37600 0 0.148404
37700 0 0.147116
37800 0 0.145844
37900 0 0.144588
38000 0 0.143348
38100 0 0.142123
38200 0 0.140913
38300 0 0.139718
38400 0 0.138537
38500 0 0.137371
38600 0 0.136218
38700 0 0.135079
38800 0 0.133954
38900 0 0.132842
39000 0 0.131743
39100 0 0.130657
39200 0 0.129584
39300 0 0.128523
39400 0 0.127474
39500 0 0.126437
39600 0 0.125412
39700 0 0.124398
39800 0 0.123396
39900 0 0.122405
40000 0 0.121425
40100 0 0.120456
40200 0 0.119497
40300 0 0.118549
40400 0 0.117611
40500 0 0.116684
40600 0 0.115766
40700 0 0.114858
40800 0 0.113960
40900 0 0.113071
41000 0 0.112192
41100 0 0.111322
41200 0 0.110461
41300 0 0.109608
41400 0 0.108765
41500 0 0.107930
41600 0 0.107104
41700 0 0.106286
41800 0 0.105477
41900 0 0.104675
42000 0 0.103882
42100 0 0.103096
42200 0 0.102319
42300 0 0.101549
42400 0 0.100786
42500 0 0.100031
42600 0 0.099283
42700 0 0.098543
42800 0 0.097810
42900 0 0.097083
43000 0 0.096364
43100 0 0.095651
43200 0 0.094945
43300 0 0.094246
43400 0 0.093553
43500 0 0.092867
43600 0 0.092187
43700 0 0.091514
43800 0 0.090846
43900 0 0.090185
44000 0 0.089530
44100 0 0.088881
44200 0 0.088237
44300 0 0.087600
44400 0 0.086968
44500 0 0.086342
44600 0 0.085721
44700 0 0.085106
44800 0 0.084497
44900 0 0.083892
45000 0 0.083293
45100 0 0.082700
45200 0 0.082111
45300 0 0.081528
45400 0 0.080950
45500 0 0.080376
45600 0 0.079808
45700 0 0.079244
45800 0 0.078686
45900 0 0.078132
46000 0 0.077583
46100 0 0.077038
46200 0 0.076498
46300 0 0.075963
46400 0 0.075432
46500 0 0.074905
46600 0 0.074383
46700 0 0.073866
46800 0 0.073353
46900 0 0.072843
47000 0 0.072339
47100 0 0.071838
47200 0 0.071341
47300 0 0.070849
47400 0 0.070361
47500 0 0.069876
47600 0 0.069396
47700 0 0.068919
47800 0 0.068447
47900 0 0.067978
48000 0 0.067513
48100 0 0.067052
48200 0 0.066594
48300 0 0.066140
48400 0 0.065690
48500 0 0.065244
48600 0 0.064801
48700 0 0.064361
48800 0 0.063925
48900 0 0.063493
49000 0 0.063064
49100 0 0.062639
49200 0 0.062217
49300 0 0.061798
49400 0 0.061382
49500 0 0.060970
49600 0 0.060562
49700 0 0.060156
49800 0 0.059754
49900 0 0.059354
