0 0 21.610004
100 0 21.609273
200 0 21.607078
300 0 21.603420
400 0 21.598300
500 0 21.591717
600 0 21.583673
700 0 21.574168
800 0 21.563203
900 0 21.550779
1000 0 21.536896
1100 0 21.521557
1200 0 21.504762
1300 0 21.486513
1400 0 21.466812
1500 0 21.445661
1600 0 21.423060
1700 0 21.399013
1800 0 21.373521
1900 0 21.346587
2000 0 21.318214
2100 0 21.288403
2200 0 21.257158
2300 0 21.224482
2400 0 21.190378
2500 0 21.154849
2600 0 21.117899
2700 0 21.079531
2800 0 21.039749
2900 0 20.998557
3000 0 20.955959
3100 0 20.911960
3200 0 20.866564
3300 0 20.819776
3400 0 20.771601
3500 0 20.722044
3600 0 20.671110
3700 0 20.618806
3800 0 20.565136
3900 0 20.510108
4000 0 20.453726
4100 0 20.395998
4200 0 20.336931
4300 0 20.276531
4400 0 20.214806
4500 0 20.151763
4600 0 20.087411
4700 0 20.021756
4800 0 19.954808
4900 0 19.886575
5000 0 19.817065
5100 0 19.746289
5200 0 19.674255
5300 0 19.600974
5400 0 19.526455
5500 0 19.450709
5600 0 19.373746
5700 0 19.295578
5800 0 19.216216
5900 0 19.135671
6000 0 19.053956
6100 0 18.971082
6200 0 18.887063
6300 0 18.801912
6400 0 18.715641
6500 0 18.628266
6600 0 18.539799
6700 0 18.450255
6800 0 18.359649
6900 0 18.267997
7000 0 18.175313
7100 0 18.081614
7200 0 17.986916
7300 0 17.891236
7400 0 17.794590
7500 0 17.696996
7600 0 17.598471
7700 0 17.499035
7800 0 17.398704
7900 0 17.297499
8000 0 17.195438
8100 0 17.092541
8200 0 16.988828
8300 0 16.884319
8400 0 16.779034
8500 0 16.672995
8600 0 16.566223
8700 0 16.458739
8800 0 16.350566
8900 0 16.241725
9000 0 16.132239
9100 0 16.022131
9200 0 15.911424
9300 0 15.800141
9400 0 15.688306
9500 0 15.575943
9600 0 15.463075
9700 0 15.349728
9800 0 15.235926
9900 0 15.121693
10000 0 15.007054
10100 0 14.892035
10200 0 14.776660
10300 0 14.660956
10400 0 14.544947
10500 0 14.428659
10600 0 14.312117
10700 0 14.195348
10800 0 14.078377
10900 0 13.961230
11000 0 13.843932
11100 0 13.726510
11200 0 13.608989
11300 0 13.491395
11400 0 13.373753
11500 0 13.256089
11600 0 13.138429
11700 0 13.020797
11800 0 12.903220
11900 0 12.785721
12000 0 12.668326
12100 0 12.551059
12200 0 12.433944
12300 0 12.317007
12400 0 12.200270
12500 0 12.083757
12600 0 11.967492
12700 0 11.851497
12800 0 11.735796
12900 0 11.620410
13000 0 11.505361
13100 0 11.390672
13200 0 11.276363
13300 0 11.162455
13400 0 11.048969
13500 0 10.935924
13600 0 10.823341
13700 0 10.711237
13800 0 10.599633
13900 0 10.488545
14000 0 10.377992
14100 0 10.267991
14200 0 10.158559
14300 0 10.049712
14400 0 9.941465
14500 0 9.833834
14600 0 9.726835
14700 0 9.620480
14800 0 9.514783
14900 0 9.409759
15000 0 9.305419
15100 0 9.201775
15200 0 9.098840
15300 0 8.996625
15400 0 8.895139
15500 0 8.794394
15600 0 8.694398
15700 0 8.595162
15800 0 8.496693
15900 0 8.398999
16000 0 8.302089
16100 0 8.205969
16200 0 8.110646
16300 0 8.016127
16400 0 7.922416
16500 0 7.829519
16600 0 7.737442
16700 0 7.646187
16800 0 7.555760
16900 0 7.466163
17000 0 7.377401
17100 0 7.289474
17200 0 7.202387
17300 0 7.116140
17400 0 7.030734
17500 0 6.946173
17600 0 6.862455
17700 0 6.779581
17800 0 6.697552
17900 0 6.616366
18000 0 6.536025
18100 0 6.456525
18200 0 6.377868
18300 0 6.300050
18400 0 6.223069
18500 0 6.146925
18600 0 6.071615
18700 0 5.997135
18800 0 5.923484
18900 0 5.850657
19000 0 5.778653
19100 0 5.707466
19200 0 5.637094
19300 0 5.567533
19400 0 5.498777
19500 0 5.430824
19600 0 5.363668
19700 0 5.297305
19800 0 5.231730
19900 0 5.166938
20000 0 5.102924
20100 0 5.039682
20200 0 4.977208
20300 0 4.915495
20400 0 4.854538
20500 0 4.794332
20600 0 4.734869
20700 0 4.676146
20800 0 4.618154
20900 0 4.560889
21000 0 4.504344
21100 0 4.448513
21200 0 4.393390
21300 0 4.338967
21400 0 4.285239
21500 0 4.232199
21600 0 4.179841
21700 0 4.128158
21800 0 4.077143
21900 0 4.026790
22000 0 3.977092
22100 0 3.928042
22200 0 3.879634
22300 0 3.831860
22400 0 3.784715
22500 0 3.738191
22600 0 3.692282
22700 0 3.646981
22800 0 3.602280
22900 0 3.558174
23000 0 3.514656
23100 0 3.471718
23200 0 3.429355
23300 0 3.387559
23400 0 3.346324
23500 0 3.305643
23600 0 3.265510
23700 0 3.225917
23800 0 3.186859
23900 0 3.148328
24000 0 3.110319
24100 0 3.072824
24200 0 3.035838
24300 0 2.999354
24400 0 2.963366
24500 0 2.927866
24600 0 2.892850
24700 0 2.858311
24800 0 2.824242
24900 0 2.790637
25000 0 2.757491
25100 0 2.724798
25200 0 2.692550
25300 0 2.660743
25400 0 2.629371
25500 0 2.598427
25600 0 2.567906
25700 0 2.537802
25800 0 2.508109
25900 0 2.478822
26000 0 2.449936
26100 0 2.421444
26200 0 2.393341
26300 0 2.365623
26400 0 2.338283
26500 0 2.311316
26600 0 2.284717
26700 0 2.258481
26800 0 2.232602
26900 0 2.207076
27000 0 2.181898
27100 0 2.157062
27200 0 2.132564
27300 0 2.108400
27400 0 2.084563
27500 0 2.061050
27600 0 2.037855
27700 0 2.014975
27800 0 1.992404
27900 0 1.970139
28000 0 1.948174
28100 0 1.926505
28200 0 1.905129
28300 0 1.884040
28400 0 1.863235
28500 0 1.842709
28600 0 1.822459
28700 0 1.802480
28800 0 1.782768
28900 0 1.763319
29000 0 1.744130
29100 0 1.725196
29200 0 1.706515
29300 0 1.688081
29400 0 1.669892
29500 0 1.651943
29600 0 1.634232
29700 0 1.616755
29800 0 1.599507
29900 0 1.582487
30000 0 1.565690
30100 0 1.549113
30200 0 1.532754
30300 0 1.516607
30400 0 1.500672
30500 0 1.484943
30600 0 1.469419
30700 0 1.454096
30800 0 1.438971
30900 0 1.424041
31000 0 1.409304
31100 0 1.394757
31200 0 1.380395
31300 0 1.366218
31400 0 1.352222
31500 0 1.338405
31600 0 1.324763
31700 0 1.311295
31800 0 1.297997
31900 0 1.284867
32000 0 1.271903
32100 0 1.259102
32200 0 1.246461
32300 0 1.233980
32400 0 1.221654
32500 0 1.209482
32600 0 1.197461
32700 0 1.185589
32800 0 1.173865
32900 0 1.162285
33000 0 1.150848
33100 0 1.139552
33200 0 1.128395
33300 0 1.117373
33400 0 1.106487
33500 0 1.095733
33600 0 1.085110
33700 0 1.074615
33800 0 1.064247
33900 0 1.054005
34000 0 1.043885
34100 0 1.033887
34200 0 1.024009
34300 0 1.014248
34400 0 1.004604
34500 0 0.995075
34600 0 0.985658
34700 0 0.976353
34800 0 0.967157
34900 0 0.958070
35000 0 0.949089
35100 0 0.940213
35200 0 0.931441
35300 0 0.922771
35400 0 0.914201
35500 0 0.905731
35600 0 0.897359
35700 0 0.889083
35800 0 0.880903
35900 0 0.872816
36000 0 0.864822
36100 0 0.856918
36200 0 0.849105
36300 0 0.841381
36400 0 0.833743
36500 0 0.826193
36600 0 0.818727
36700 0 0.811345
36800 0 0.804045
36900 0 0.796828
37000 0 0.789691
37100 0 0.782633
37200 0 0.775653
37300 0 0.768751
37400 0 0.761925
37500 0 0.755174
37600 0 0.748497
37700 0 0.741893
37800 0 0.735362
37900 0 0.728902
38000 0 0.722511
38100 0 0.716191
38200 0 0.709938
38300 0 0.703753
38400 0 0.697635
38500 0 0.691582
38600 0 0.685595
38700 0 0.679671
38800 0 0.673810
38900 0 0.668012
39000 0 0.662275
39100 0 0.656599
39200 0 0.650983
39300 0 0.645426
39400 0 0.639928
39500 0 0.634487
39600 0 0.629103
39700 0 0.623775
39800 0 0.618503
39900 0 0.613285
40000 0 0.608122
40100 0 0.603012
40200 0 0.597955
40300 0 0.592949
40400 0 0.587995
40500 0 0.583092
40600 0 0.578239
40700 0 0.573436
40800 0 0.568681
40900 0 0.563975
41000 0 0.559316
41100 0 0.554704
41200 0 0.550139
41300 0 0.545620
41400 0 0.541147
41500 0 0.536718
41600 0 0.532333
41700 0 0.527992
41800 0 0.523695
41900 0 0.519440
42000 0 0.515227
42100 0 0.511056
42200 0 0.506926
42300 0 0.502837
42400 0 0.498788
42500 0 0.494779
42600 0 0.490809
42700 0 0.486878
42800 0 0.482985
42900 0 0.479130
43000 0 0.475313
43100 0 0.471532
43200 0 0.467788
43300 0 0.464081
43400 0 0.460409
43500 0 0.456772
43600 0 0.453170
43700 0 0.449603
43800 0 0.446070
43900 0 0.442571
44000 0 0.439105
44100 0 0.435672
44200 0 0.432271
44300 0 0.428903
44400 0 0.425566
44500 0 0.422262
44600 0 0.418988
44700 0 0.415745
44800 0 0.412532
44900 0 0.409350
45000 0 0.406197
45100 0 0.403074
45200 0 0.399980
45300 0 0.396915
45400 0 0.393878
45500 0 0.390869
45600 0 0.387889
45700 0 0.384935
45800 0 0.382009
45900 0 0.379110
46000 0 0.376238
46100 0 0.373392
46200 0 0.370572
46300 0 0.367778
46400 0 0.365009
46500 0 0.362266
46600 0 0.359548
46700 0 0.356854
46800 0 0.354185
46900 0 0.351540
47000 0 0.348918
47100 0 0.346321
47200 0 0.343747
47300 0 0.341196
47400 0 0.338668
47500 0 0.336163
47600 0 0.333680
47700 0 0.331220
47800 0 0.328781
47900 0 0.326364
48000 0 0.323969
48100 0 0.321595
48200 0 0.319242
48300 0 0.316910
48400 0 0.314598
48500 0 0.312307
48600 0 0.310037
48700 0 0.307786
48800 0 0.305555
48900 0 0.303344
49000 0 0.301152
49100 0 0.298979
49200 0 0.296825
49300 0 0.294690
49400 0 0.292574
49500 0 0.290476
49600 0 0.288396
49700 0 0.286335
49800 0 0.284291
49900 0 0.282265
