0 0 38.903265
100 0 38.899649
200 0 38.888803
300 0 38.870737
400 0 38.845461
500 0 38.812994
600 0 38.773358
700 0 38.726583
800 0 38.672700
900 0 38.611747
1000 0 38.543767
1100 0 38.468809
1200 0 38.386923
1300 0 38.298168
1400 0 38.202606
1500 0 38.100303
1600 0 37.991329
1700 0 37.875762
1800 0 37.753680
1900 0 37.625168
2000 0 37.490315
2100 0 37.349213
2200 0 37.201958
2300 0 37.048651
2400 0 36.889397
2500 0 36.724302
2600 0 36.553479
2700 0 36.377041
2800 0 36.195107
2900 0 36.007799
3000 0 35.815239
3100 0 35.617555
3200 0 35.414876
3300 0 35.207334
3400 0 34.995063
3500 0 34.778200
3600 0 34.556883
3700 0 34.331253
3800 0 34.101451
3900 0 33.867622
4000 0 33.629909
4100 0 33.388459
4200 0 33.143419
4300 0 32.894936
4400 0 32.643160
4500 0 32.388238
4600 0 32.130321
4700 0 31.869558
4800 0 31.606097
4900 0 31.340089
5000 0 31.071681
5100 0 30.801022
5200 0 30.528259
5300 0 30.253540
5400 0 29.977009
5500 0 29.698811
5600 0 29.419090
5700 0 29.137987
5800 0 28.855642
5900 0 28.572195
6000 0 28.287780
6100 0 28.002534
6200 0 27.716589
6300 0 27.430075
6400 0 27.143120
6500 0 26.855851
6600 0 26.568391
6700 0 26.280861
6800 0 25.993378
6900 0 25.706059
7000 0 25.419016
7100 0 25.132359
7200 0 24.846196
7300 0 24.560630
7400 0 24.275764
7500 0 23.991694
7600 0 23.708518
7700 0 23.426326
7800 0 23.145208
7900 0 22.865251
8000 0 22.586537
8100 0 22.309147
8200 0 22.033157
8300 0 21.758643
8400 0 21.485674
8500 0 21.214319
8600 0 20.944642
8700 0 20.676707
8800 0 20.410571
8900 0 20.146292
9000 0 19.883923
9100 0 19.623514
9200 0 19.365114
9300 0 19.108767
9400 0 18.854516
9500 0 18.602402
9600 0 18.352460
9700 0 18.104727
9800 0 17.859234
9900 0 17.616012
10000 0 17.375089
10100 0 17.136489
10200 0 16.900236
10300 0 16.666351
10400 0 16.434853
10500 0 16.205759
10600 0 15.979083
10700 0 15.754840
10800 0 15.533040
10900 0 15.313692
11000 0 15.096805
11100 0 14.882384
11200 0 14.670434
11300 0 14.460958
11400 0 14.253956
11500 0 14.049430
11600 0 13.847377
11700 0 13.647795
11800 0 13.450680
11900 0 13.256027
12000 0 13.063829
12100 0 12.874079
12200 0 12.686769
12300 0 12.501888
12400 0 12.319426
12500 0 12.139373
12600 0 11.961714
12700 0 11.786439
12800 0 11.613531
12900 0 11.442978
13000 0 11.274763
13100 0 11.108870
13200 0 10.945284
13300 0 10.783986
13400 0 10.624958
13500 0 10.468184
13600 0 10.313643
13700 0 10.161316
13800 0 10.011184
13900 0 9.863228
14000 0 9.717425
14100 0 9.573756
14200 0 9.432200
14300 0 9.292736
14400 0 9.155341
14500 0 9.019994
14600 0 8.886673
14700 0 8.755356
14800 0 8.626021
14900 0 8.498644
15000 0 8.373205
15100 0 8.249679
15200 0 8.128044
15300 0 8.008277
15400 0 7.890356
15500 0 7.774258
15600 0 7.659959
15700 0 7.547437
15800 0 7.436669
15900 0 7.327632
16000 0 7.220303
16100 0 7.114659
16200 0 7.010679
16300 0 6.908339
16400 0 6.807616
16500 0 6.708489
16600 0 6.610935
16700 0 6.514932
16800 0 6.420457
16900 0 6.327490
17000 0 6.236007
17100 0 6.145988
17200 0 6.057411
17300 0 5.970255
17400 0 5.884498
17500 0 5.800120
17600 0 5.717100
17700 0 5.635417
17800 0 5.555050
17900 0 5.475981
18000 0 5.398187
18100 0 5.321651
18200 0 5.246351
18300 0 5.172270
18400 0 5.099386
18500 0 5.027682
18600 0 4.957139
18700 0 4.887738
18800 0 4.819460
18900 0 4.752288
19000 0 4.686204
19100 0 4.621190
19200 0 4.557228
19300 0 4.494302
19400 0 4.432393
19500 0 4.371486
19600 0 4.311564
19700 0 4.252610
19800 0 4.194609
19900 0 4.137543
20000 0 4.081399
20100 0 4.026159
20200 0 3.971809
20300 0 3.918335
20400 0 3.865720
20500 0 3.813950
20600 0 3.763012
20700 0 3.712890
20800 0 3.663571
20900 0 3.615041
21000 0 3.567287
21100 0 3.520294
21200 0 3.474051
21300 0 3.428544
21400 0 3.383760
21500 0 3.339688
21600 0 3.296313
21700 0 3.253625
21800 0 3.211612
21900 0 3.170261
22000 0 3.129562
22100 0 3.089502
22200 0 3.050071
22300 0 3.011258
22400 0 2.973052
22500 0 2.935442
22600 0 2.898418
22700 0 2.861969
22800 0 2.826086
22900 0 2.790759
23000 0 2.755978
23100 0 2.721733
23200 0 2.688015
23300 0 2.654814
23400 0 2.622123
23500 0 2.589931
23600 0 2.558230
23700 0 2.527011
23800 0 2.496266
23900 0 2.465987
24000 0 2.436165
24100 0 2.406792
24200 0 2.377862
24300 0 2.349365
24400 0 2.321294
24500 0 2.293642
24600 0 2.266402
24700 0 2.239566
24800 0 2.213127
24900 0 2.187079
25000 0 2.161415
25100 0 2.136127
25200 0 2.111210
25300 0 2.086656
25400 0 2.062461
25500 0 2.038617
25600 0 2.015118
25700 0 1.991959
25800 0 1.969134
25900 0 1.946636
26000 0 1.924461
26100 0 1.902602
26200 0 1.881055
26300 0 1.859813
26400 0 1.838873
26500 0 1.818228
26600 0 1.797874
26700 0 1.777805
26800 0 1.758017
26900 0 1.738506
27000 0 1.719266
27100 0 1.700292
27200 0 1.681582
27300 0 1.663129
27400 0 1.644929
27500 0 1.626980
27600 0 1.609275
27700 0 1.591812
27800 0 1.574586
27900 0 1.557593
28000 0 1.540829
28100 0 1.524291
28200 0 1.507975
28300 0 1.491877
28400 0 1.475994
28500 0 1.460323
28600 0 1.444858
28700 0 1.429599
28800 0 1.414540
28900 0 1.399679
29000 0 1.385013
29100 0 1.370538
29200 0 1.356252
29300 0 1.342151
29400 0 1.328233
29500 0 1.314494
29600 0 1.300932
29700 0 1.287543
29800 0 1.274326
29900 0 1.261278
30000 0 1.248395
30100 0 1.235675
30200 0 1.223116
30300 0 1.210716
30400 0 1.198471
30500 0 1.186379
30600 0 1.174438
30700 0 1.162646
30800 0 1.151001
30900 0 1.139499
31000 0 1.128139
31100 0 1.116920
31200 0 1.105837
31300 0 1.094891
31400 0 1.084078
31500 0 1.073396
31600 0 1.062844
31700 0 1.052420
31800 0 1.042121
31900 0 1.031946
32000 0 1.021894
32100 0 1.011961
32200 0 1.002147
32300 0 0.992450
32400 0 0.982868
32500 0 0.973399
32600 0 0.964042
32700 0 0.954795
32800 0 0.945656
32900 0 0.936625
33000 0 0.927699
33100 0 0.918876
33200 0 0.910157
33300 0 0.901538
33400 0 0.893019
33500 0 0.884597
33600 0 0.876273
33700 0 0.868044
33800 0 0.859909
33900 0 0.851867
34000 0 0.843917
34100 0 0.836056
34200 0 0.828285
34300 0 0.820602
34400 0 0.813004
34500 0 0.805493
34600 0 0.798065
34700 0 0.790721
34800 0 0.783458
34900 0 0.776277
35000 0 0.769175
35100 0 0.762151
35200 0 0.755206
35300 0 0.748337
35400 0 0.741543
35500 0 0.734824
35600 0 0.728179
35700 0 0.721606
35800 0 0.715105
35900 0 0.708675
36000 0 0.702314
36100 0 0.696022
36200 0 0.689799
36300 0 0.683642
36400 0 0.677552
36500 0 0.671527
36600 0 0.665566
36700 0 0.659670
36800 0 0.653836
36900 0 0.648064
37000 0 0.642354
37100 0 0.636704
37200 0 0.631114
37300 0 0.625583
37400 0 0.620110
37500 0 0.614695
37600 0 0.609337
37700 0 0.604035
37800 0 0.598788
37900 0 0.593596
38000 0 0.588458
38100 0 0.583374
38200 0 0.578342
38300 0 0.573362
38400 0 0.568434
38500 0 0.563557
38600 0 0.558730
38700 0 0.553953
38800 0 0.549224
38900 0 0.544544
39000 0 0.539912
39100 0 0.535328
39200 0 0.530789
39300 0 0.526298
39400 0 0.521851
39500 0 0.517450
39600 0 0.513093
39700 0 0.508781
39800 0 0.504511
39900 0 0.500285
40000 0 0.496101
40100 0 0.491960
40200 0 0.487859
40300 0 0.483800
40400 0 0.479781
40500 0 0.475802
40600 0 0.471863
40700 0 0.467963
40800 0 0.464102
40900 0 0.460279
41000 0 0.456494
41100 0 0.452746
41200 0 0.449035
41300 0 0.445360
41400 0 0.441722
41500 0 0.438119
41600 0 0.434552
41700 0 0.431020
41800 0 0.427522
41900 0 0.424058
42000 0 0.420628
42100 0 0.417231
42200 0 0.413867
42300 0 0.410536
42400 0 0.407237
42500 0 0.403970
42600 0 0.400734
42700 0 0.397530
42800 0 0.394357
42900 0 0.391214
43000 0 0.388101
43100 0 0.385018
43200 0 0.381964
43300 0 0.378940
43400 0 0.375944
43500 0 0.372977
43600 0 0.370039
43700 0 0.367128
43800 0 0.364245
43900 0 0.361389
44000 0 0.358560
44100 0 0.355758
44200 0 0.352982
44300 0 0.350233
44400 0 0.347509
44500 0 0.344811
44600 0 0.342138
44700 0 0.339490
44800 0 0.336867
44900 0 0.334269
45000 0 0.331695
45100 0 0.329145
45200 0 0.326618
45300 0 0.324115
45400 0 0.321636
45500 0 0.319179
45600 0 0.316745
45700 0 0.314334
45800 0 0.311944
45900 0 0.309577
46000 0 0.307232
46100 0 0.304908
46200 0 0.302606
46300 0 0.300324
46400 0 0.298064
46500 0 0.295824
46600 0 0.293605
46700 0 0.291406
46800 0 0.289227
46900 0 0.287068
47000 0 0.284929
47100 0 0.282809
47200 0 0.280708
47300 0 0.278626
47400 0 0.276563
47500 0 0.274519
47600 0 0.272493
47700 0 0.270485
47800 0 0.268495
47900 0 0.266524
48000 0 0.264570
48100 0 0.262633
48200 0 0.260714
48300 0 0.258812
48400 0 0.256927
48500 0 0.255059
48600 0 0.253207
48700 0 0.251372
48800 0 0.249553
48900 0 0.247751
49000 0 0.245964
49100 0 0.244193
49200 0 0.242438
49300 0 0.240698
49400 0 0.238974
49500 0 0.237264
49600 0 0.235570
49700 0 0.233891
49800 0 0.232226
49900 0 0.230576
